Running 1 simulations with a radial tolerance of 0.001000
inizio simulazione
-3.165347e-05
1.176913e-04
-4.315081e-04
1.618554e-03
-5.038221e-03
2.823602e-02
-1.201863e-01
2.370644e-01
-1.137401e-01
7.359750e-05
5.183047e-01
6.722786e-06
1.188946e-04
9.740288e-05
6.820226e-03
9.745534e-01
-9.352851e-03
-8.877469e-01
9.747823e-01
-9.967002e-01
9.806309e-01
-2.463501e-01
6.270689e-02
-2.569021e-01
-9.691135e-01
-9.874560e-01
-9.876344e-01
-9.814112e-01
-9.964907e-01
-8.890281e-01
9.623897e-01
2.165055e-01
-9.808179e-01
-9.870800e-01
9.999997e-01
-4.051203e-03
-9.809915e-01
-1.302263e-03
-9.699653e-01
-2.119586e-02
-6.884988e-02
-2.300608e-01
-9.320068e-01
-9.966629e-01
-9.316197e-01
-2.284978e-01
-6.591726e-02
-1.761190e-02
-9.874266e-01
-3.167980e-03
-9.811062e-01
-2.700045e-03
-2.667357e-03
-9.815090e-01
-1.684368e-03
-6.390492e-04
-9.999997e-01
-4.805304e-04
-1.759789e-02
-6.616749e-02
-2.282290e-01
-9.310277e-01
-9.966593e-01
-9.310269e-01
-2.282258e-01
-6.594203e-02
-1.759630e-02
-6.324590e-04
-3.973354e-04
-2.722165e-03
-9.811151e-01
-2.726131e-03
-1.425724e-04
-1.055897e-04
-2.260638e-04
-9.999997e-01
-4.879868e-04
7.060779e-05
4.589080e-06
-2.988776e-05
-1.655215e-04
-3.975775e-04
8.170056e-06
-2.076068e-06
3.645796e-07
-8.657757e-06
-2.259235e-05
-9.910480e-05
-6.969879e-07
-2.493508e-06
-3.515731e-06
2.976560e-06
2.977073e-06
-9.260272e-08
-7.180364e-07
-5.972431e-07
3.391196e-07
-6.377792e-07
3.403698e-07
-1.580067e-08
-2.068295e-07
-9.743479e-08
-1.563605e-07
-9.934747e-09
-5.961848e-08
-1.469291e-08
-7.279477e-08
3.331032e-08
-1.496943e-08
4.970067e-09
-2.599746e-07
-2.084121e-07
-4.306160e-08
4.654381e-08
-2.056615e-06
1.709122e-06
-2.409783e-07
3.282199e-07
-1.002743e-05
-1.613340e-05
-1.845464e-06
1.183901e-06
-5.531385e-05
4.527970e-05
-5.843815e-06
4.193213e-06
-1.059094e-04
-9.411315e-05
-2.528294e-05
1.305114e-05
-7.700526e-04
-1.878500e-02
-7.476061e-05
4.123646e-05
-4.385816e-04
-1.769343e-03
-2.553253e-03
-2.477678e-03
6.702631e-03
-1.052649e-03
-2.317636e-03
-6.831768e-02
-1.431227e-03
1.161530e-03
2.653626e-05
4.626365e-05
6.441215e-04
-4.266674e-03
-2.441459e-01
-4.100728e-04
-2.262782e-03
-8.841147e-01
-9.791804e-01
-9.696554e-01
-1.778461e-02
-6.675444e-02
-2.309948e-01
-9.360956e-01
-9.965801e-01
-9.813823e-01
-9.873752e-01
-9.872720e-01
-2.712077e-01
-9.922853e-01
9.975371e-01
-9.794277e-01
-9.871322e-01
-2.641963e-03
-9.810544e-01
-9.791581e-01
-9.879657e-01
-9.876383e-01
-9.880278e-01
-9.879319e-01
-9.879229e-01
-9.877171e-01
-9.877174e-01
-1.000000e+00
-1.000000e+00

Simulation Time: 0 seconds
