#[TRACE]
#data_labels=Output
#[TRACE_DATA]
2.517911e-03 
2.791371e-03 
3.103970e-03 
3.462679e-03 
3.875971e-03 
4.354208e-03 
4.910139e-03 
5.559557e-03 
6.322170e-03 
7.222752e-03 
8.292708e-03 
9.572192e-03 
1.111303e-02 
1.298278e-02 
1.527043e-02 
1.809450e-02 
2.161462e-02 
2.604821e-02 
3.169447e-02 
3.896833e-02 
4.844679e-02 
6.092612e-02 
7.747508e-02 
9.943558e-02 
1.282646e-01 
1.650922e-01 
2.100711e-01 
2.620144e-01 
3.187946e-01 
3.781837e-01 
4.384308e-01 
4.983753e-01 
5.573108e-01 
6.148028e-01 
6.705378e-01 
7.242102e-01 
7.754366e-01 
8.236883e-01 
8.682440e-01 
9.081705e-01 
9.423471e-01 
9.488357e-01 
9.488357e-01 
9.488357e-01 
9.488357e-01 
9.488357e-01 
9.488357e-01 
9.488357e-01 
9.488357e-01 
9.488357e-01 
9.488357e-01 
9.488357e-01 
9.488357e-01 
9.488357e-01 
9.488357e-01 
9.488357e-01 
9.488357e-01 
9.488357e-01 
9.488357e-01 
9.488357e-01 
9.488357e-01 
9.488357e-01 
9.488357e-01 
9.488357e-01 
9.488357e-01 
9.488357e-01 
9.488357e-01 
9.488357e-01 
9.488357e-01 
9.488357e-01 
9.488357e-01 
9.488357e-01 
9.488357e-01 
9.488357e-01 
9.488357e-01 
9.488357e-01 
9.488357e-01 
9.488357e-01 
9.488357e-01 
9.488357e-01 
9.488357e-01 
9.488357e-01 
9.488357e-01 
9.488357e-01 
9.488357e-01 
9.488357e-01 
9.488357e-01 
9.488357e-01 
9.488357e-01 
9.488357e-01 
9.488357e-01 
9.488357e-01 
9.488357e-01 
9.488357e-01 
9.488357e-01 
9.488357e-01 
9.488357e-01 
9.488357e-01 
9.488357e-01 
9.488357e-01 
9.488357e-01 
9.488357e-01 
9.488357e-01 
9.488357e-01 
9.488357e-01 
9.488357e-01 
9.488357e-01 
9.488357e-01 
9.488357e-01 
9.488357e-01 
9.488357e-01 
9.488357e-01 
9.488357e-01 
9.488357e-01 
9.488357e-01 
9.488357e-01 
9.488357e-01 
9.488357e-01 
9.488357e-01 
9.488357e-01 
9.488357e-01 
9.488357e-01 
9.488357e-01 
9.488357e-01 
9.488357e-01 
9.488357e-01 
9.488357e-01 
9.488357e-01 
9.488357e-01 
9.488357e-01 
9.488357e-01 
9.488357e-01 
9.488357e-01 
9.488357e-01 
9.488357e-01 
9.488357e-01 
9.488357e-01 
9.488357e-01 
9.488357e-01 
9.488357e-01 
9.488357e-01 
9.488357e-01 
9.488357e-01 
9.488357e-01 
9.488357e-01 
9.488357e-01 
9.488357e-01 
9.488357e-01 
9.488357e-01 
9.488357e-01 
9.488357e-01 
9.488357e-01 
9.488357e-01 
9.488357e-01 
9.488357e-01 
9.488357e-01 
9.488357e-01 
9.488357e-01 
9.488357e-01 
9.488357e-01 
9.488357e-01 
9.488357e-01 
9.488357e-01 
9.488357e-01 
9.488357e-01 
9.488357e-01 
9.488357e-01 
9.488357e-01 
9.488357e-01 
9.488357e-01 
9.488357e-01 
9.488357e-01 
9.488357e-01 
9.488357e-01 
9.488357e-01 
9.488357e-01 
9.488357e-01 
9.488357e-01 
9.488357e-01 
9.488357e-01 
9.488357e-01 
9.488357e-01 
9.488357e-01 
9.488357e-01 
9.488357e-01 
9.488357e-01 
9.488357e-01 
9.488357e-01 
9.488357e-01 
9.488357e-01 
9.488357e-01 
9.488357e-01 
9.488357e-01 
9.488357e-01 
9.488357e-01 
9.488357e-01 
9.488357e-01 
9.488357e-01 
9.488357e-01 
9.488357e-01 
9.488357e-01 
9.488357e-01 
9.488357e-01 
9.488357e-01 
9.488357e-01 
9.488357e-01 
9.488357e-01 
9.488357e-01 
9.488357e-01 
9.488357e-01 
9.488357e-01 
9.488356e-01 
9.488355e-01 
9.488354e-01 
9.488353e-01 
9.488352e-01 
9.488350e-01 
9.488348e-01 
9.488347e-01 
9.488344e-01 
9.488342e-01 
9.488340e-01 
9.488337e-01 
9.488334e-01 
9.488331e-01 
9.488328e-01 
9.488324e-01 
9.488320e-01 
9.488316e-01 
9.488312e-01 
9.488307e-01 
9.488302e-01 
9.488297e-01 
9.488292e-01 
9.488287e-01 
9.488283e-01 
9.488279e-01 
9.488275e-01 
9.488272e-01 
9.488268e-01 
9.488266e-01 
9.488263e-01 
9.488261e-01 
9.488258e-01 
9.488256e-01 
9.488254e-01 
9.488253e-01 
9.488251e-01 
9.488249e-01 
9.488248e-01 
9.488246e-01 
9.488245e-01 
9.488244e-01 
9.488242e-01 
9.488241e-01 
9.488240e-01 
9.488239e-01 
9.488238e-01 
9.488237e-01 
9.488236e-01 
9.488235e-01 
9.488234e-01 
9.488233e-01 
9.488232e-01 
9.488231e-01 
9.488230e-01 
9.488230e-01 
9.488229e-01 
9.488228e-01 
9.488227e-01 
9.488227e-01 
9.488226e-01 
9.488225e-01 
9.488225e-01 
9.488224e-01 
9.488224e-01 
9.488223e-01 
9.488222e-01 
9.488222e-01 
9.488221e-01 
9.488221e-01 
9.488220e-01 
9.488220e-01 
9.488219e-01 
9.488219e-01 
9.488218e-01 
9.488218e-01 
9.488218e-01 
9.488217e-01 
9.488217e-01 
9.488216e-01 
9.488216e-01 
9.488216e-01 
9.488216e-01 
9.488216e-01 
9.488216e-01 
9.488216e-01 
9.488216e-01 
9.488216e-01 
9.488216e-01 
9.488216e-01 
9.488216e-01 
9.488216e-01 
9.488216e-01 
9.488216e-01 
9.488216e-01 
9.488216e-01 
9.488216e-01 
9.488216e-01 
9.488216e-01 
9.488216e-01 
9.488216e-01 
9.488216e-01 
9.488216e-01 
9.488216e-01 
9.488216e-01 
9.488216e-01 
9.488216e-01 
9.488216e-01 
9.488216e-01 
9.488216e-01 
9.488216e-01 
9.488216e-01 
9.488216e-01 
9.488216e-01 
9.488216e-01 
9.488216e-01 
9.488216e-01 
9.488216e-01 
9.488216e-01 
9.488216e-01 
9.488216e-01 
9.488216e-01 
9.488216e-01 
9.488216e-01 
9.488216e-01 
9.488216e-01 
9.488216e-01 
9.488216e-01 
9.488216e-01 
9.488216e-01 
9.488216e-01 
9.488216e-01 
9.488216e-01 
9.488216e-01 
9.488216e-01 
9.488216e-01 
9.488216e-01 
9.488216e-01 
9.488216e-01 
9.488216e-01 
9.488216e-01 
9.488216e-01 
9.488216e-01 
9.488216e-01 
9.488216e-01 
9.488216e-01 
9.488216e-01 
9.488216e-01 
9.488216e-01 
9.488216e-01 
9.488216e-01 
9.488216e-01 
9.488216e-01 
9.488216e-01 
9.488216e-01 
9.488216e-01 
9.488216e-01 
9.488216e-01 
9.488216e-01 
9.488216e-01 
9.488216e-01 
9.488216e-01 
9.488216e-01 
9.488216e-01 
9.488216e-01 
9.488216e-01 
9.488216e-01 
9.488216e-01 
9.488216e-01 
9.488216e-01 
9.488216e-01 
9.488216e-01 
9.488216e-01 
9.488216e-01 
9.488216e-01 
9.488216e-01 
9.488216e-01 
9.488216e-01 
9.488216e-01 
9.488216e-01 
9.488216e-01 
9.488216e-01 
9.488216e-01 
9.488216e-01 
9.488216e-01 
9.488216e-01 
9.488216e-01 
9.488216e-01 
9.488216e-01 
9.488216e-01 
9.488216e-01 
9.488216e-01 
9.488216e-01 
9.488216e-01 
9.488216e-01 
9.488216e-01 
9.488216e-01 
9.488216e-01 
9.488216e-01 
9.488216e-01 
9.488216e-01 
9.488216e-01 
9.488216e-01 
9.488216e-01 
9.488216e-01 
9.488216e-01 
9.488216e-01 
9.488216e-01 
9.488216e-01 
9.488216e-01 
9.488216e-01 
9.488216e-01 
9.488216e-01 
9.488216e-01 
9.488216e-01 
9.488216e-01 
9.488216e-01 
9.488216e-01 
9.488216e-01 
9.488216e-01 
9.488216e-01 
9.488216e-01 
9.488216e-01 
9.488216e-01 
9.488216e-01 
9.488216e-01 
9.488216e-01 
9.488216e-01 
9.488216e-01 
9.488216e-01 
9.488216e-01 
9.488216e-01 
9.488216e-01 
9.488216e-01 
9.488216e-01 
9.488216e-01 
9.488216e-01 
9.488216e-01 
9.488216e-01 
9.488216e-01 
9.488216e-01 
9.488216e-01 
9.488216e-01 
9.488216e-01 
9.488216e-01 
9.488216e-01 
9.488216e-01 
9.488216e-01 
9.488216e-01 
9.423296e-01 
9.081291e-01 
8.681608e-01 
8.235264e-01 
7.751100e-01 
7.235237e-01 
6.690817e-01 
6.117752e-01 
5.512169e-01 
4.864954e-01 
4.158070e-01 
3.353896e-01 
2.353026e-01 
6.902391e-02 
2.360125e-04 
1.127241e-05 
6.663171e-06 
4.484577e-06 
3.250865e-06 
2.475397e-06 
1.953330e-06 
1.584225e-06 
1.313464e-06 
1.109028e-06 
9.510414e-07 
8.265944e-07 
7.269914e-07 
6.461942e-07 
5.799015e-07 
5.249821e-07 
4.791136e-07 
4.405453e-07 
4.079389e-07 
3.802584e-07 
3.566940e-07 
3.366069e-07 
3.194898e-07 
3.049376e-07 
2.926264e-07 
2.822971e-07 
2.737434e-07 
2.668028e-07 
2.613499e-07 
2.572914e-07 
2.545627e-07 
2.531256e-07 
2.529671e-07 
2.540991e-07 
2.565594e-07 
2.604137e-07 
2.657582e-07 
2.727246e-07 
2.814857e-07 
2.922638e-07 
3.053415e-07 
3.210754e-07 
3.399147e-07 
3.624284e-07 
3.893564e-07 
4.218509e-07 
4.660850e-07 
1.169012e-06 
1.852924e-06 
2.097720e-06 
2.290190e-06 
2.453859e-06 
2.600079e-06 
2.733492e-06 
2.854557e-06 
2.961669e-06 
3.052826e-06 
3.126604e-06 
3.182445e-06 
3.220509e-06 
3.241387e-06 
3.245841e-06 
3.234623e-06 
3.208391e-06 
3.167691e-06 
3.112997e-06 
3.044789e-06 
3.028388e-06 
3.028388e-06 
3.028388e-06 
3.028388e-06 
3.028388e-06 
3.028388e-06 
3.028388e-06 
3.028388e-06 
3.028388e-06 
3.028388e-06 
3.028388e-06 
3.028388e-06 
3.028388e-06 
3.028388e-06 
3.028388e-06 
3.028388e-06 
3.028388e-06 
3.028388e-06 
3.028388e-06 
3.028388e-06 
3.028388e-06 
3.028388e-06 
3.028388e-06 
3.028388e-06 
3.028388e-06 
3.028388e-06 
3.028388e-06 
3.028388e-06 
3.028388e-06 
3.028388e-06 
3.028388e-06 
3.028388e-06 
3.028388e-06 
3.028388e-06 
3.028388e-06 
3.028388e-06 
3.028388e-06 
3.028388e-06 
3.028388e-06 
3.028388e-06 
3.028388e-06 
3.028388e-06 
3.028388e-06 
3.028388e-06 
3.028388e-06 
3.028388e-06 
3.028388e-06 
3.028388e-06 
3.028388e-06 
3.028388e-06 
3.028388e-06 
3.028388e-06 
3.028388e-06 
3.028388e-06 
3.028388e-06 
3.028388e-06 
3.028388e-06 
3.028388e-06 
3.028388e-06 
3.028388e-06 
3.028388e-06 
3.028388e-06 
3.028388e-06 
3.028388e-06 
3.028388e-06 
3.028388e-06 
3.028388e-06 
3.028388e-06 
3.028388e-06 
3.028388e-06 
3.028388e-06 
3.028388e-06 
3.028388e-06 
3.028388e-06 
3.028388e-06 
3.028388e-06 
3.028388e-06 
3.028388e-06 
3.028388e-06 
3.028388e-06 
3.028388e-06 
3.028388e-06 
3.028388e-06 
3.028388e-06 
3.028388e-06 
3.028388e-06 
3.028388e-06 
3.028388e-06 
3.028388e-06 
3.028388e-06 
3.028388e-06 
3.028388e-06 
3.028388e-06 
3.028388e-06 
3.028388e-06 
3.028388e-06 
3.028388e-06 
3.028388e-06 
3.028388e-06 
3.028388e-06 
3.028388e-06 
3.028388e-06 
3.028388e-06 
3.028388e-06 
3.028388e-06 
3.028388e-06 
3.028388e-06 
3.028388e-06 
3.028388e-06 
3.028388e-06 
3.028388e-06 
3.028388e-06 
3.028388e-06 
3.028388e-06 
3.028388e-06 
3.028388e-06 
3.028388e-06 
3.028388e-06 
3.028388e-06 
3.028388e-06 
3.028388e-06 
3.028388e-06 
3.028388e-06 
3.028388e-06 
3.028388e-06 
3.028388e-06 
3.028388e-06 
3.028388e-06 
3.028388e-06 
3.028388e-06 
3.028388e-06 
3.028388e-06 
3.028388e-06 
3.028388e-06 
3.028388e-06 
3.028388e-06 
3.028388e-06 
3.028388e-06 
3.028388e-06 
3.028388e-06 
3.028388e-06 
3.028388e-06 
3.028388e-06 
3.028388e-06 
3.028388e-06 
3.028388e-06 
3.028388e-06 
3.028388e-06 
3.028388e-06 
3.028388e-06 
3.028388e-06 
3.028388e-06 
3.028388e-06 
3.028388e-06 
3.028388e-06 
3.028388e-06 
3.028388e-06 
3.028388e-06 
3.028388e-06 
3.028388e-06 
3.028388e-06 
3.028388e-06 
3.028388e-06 
3.028388e-06 
3.028388e-06 
3.028388e-06 
3.028388e-06 
3.028388e-06 
3.028388e-06 
3.037694e-06 
3.082229e-06 
3.129028e-06 
3.178238e-06 
3.230017e-06 
3.284538e-06 
3.341987e-06 
3.402565e-06 
3.466493e-06 
3.534009e-06 
3.605371e-06 
3.680864e-06 
3.760794e-06 
3.845501e-06 
3.935353e-06 
4.030755e-06 
4.132153e-06 
4.240036e-06 
4.354942e-06 
4.477468e-06 
4.608274e-06 
4.748089e-06 
4.897727e-06 
5.058091e-06 
5.230190e-06 
5.415151e-06 
5.614236e-06 
5.828864e-06 
6.060633e-06 
6.311345e-06 
6.583046e-06 
6.878055e-06 
7.199018e-06 
7.548954e-06 
7.931328e-06 
8.350125e-06 
8.809939e-06 
9.316096e-06 
9.874778e-06 
1.049319e-05 
1.117977e-05 
1.194441e-05 
1.279872e-05 
1.375642e-05 
1.483368e-05 
1.604957e-05 
1.742656e-05 
1.899096e-05 
2.077334e-05 
2.280871e-05 
2.513619e-05 
2.779796e-05 
3.083700e-05 
3.429309e-05 
3.819735e-05 
4.256557e-05 
4.739237e-05 
5.264833e-05 
5.828206e-05 
6.422705e-05 
7.041112e-05 
7.676521e-05 
8.322937e-05 
8.975526e-05 
9.630579e-05 
1.028532e-04 
1.093763e-04 
1.158576e-04 
1.222807e-04 
1.286280e-04 
1.348786e-04 
1.410071e-04 
1.469817e-04 
1.527640e-04 
1.583084e-04 
1.635624e-04 
1.684673e-04 
1.729601e-04 
1.769751e-04 
1.804470e-04 
1.833146e-04 
1.838475e-04 
1.838475e-04 
1.838475e-04 
1.838475e-04 
1.838475e-04 
1.838475e-04 
1.838475e-04 
1.838475e-04 
1.838475e-04 
1.838475e-04 
1.838475e-04 
1.838475e-04 
1.838475e-04 
1.838475e-04 
1.838475e-04 
1.838475e-04 
1.838475e-04 
1.838475e-04 
1.838475e-04 
1.838475e-04 
1.838475e-04 
1.838475e-04 
1.838475e-04 
1.838475e-04 
1.838475e-04 
1.838475e-04 
1.838475e-04 
1.838475e-04 
1.838475e-04 
1.838475e-04 
1.838475e-04 
1.838475e-04 
1.838475e-04 
1.838475e-04 
1.838475e-04 
1.838475e-04 
1.838475e-04 
1.838475e-04 
1.838475e-04 
1.838475e-04 
1.838475e-04 
1.838475e-04 
1.838475e-04 
1.838475e-04 
1.838475e-04 
1.838475e-04 
1.838475e-04 
1.838475e-04 
1.838475e-04 
1.838475e-04 
1.838475e-04 
1.838475e-04 
1.838475e-04 
1.838475e-04 
1.838475e-04 
1.838475e-04 
1.838475e-04 
1.838475e-04 
1.838475e-04 
1.838475e-04 
1.838475e-04 
1.838475e-04 
1.838475e-04 
1.838475e-04 
1.838475e-04 
1.838475e-04 
1.838475e-04 
1.838475e-04 
1.838475e-04 
1.838475e-04 
1.838475e-04 
1.838475e-04 
1.838475e-04 
1.838475e-04 
1.838475e-04 
1.838475e-04 
1.838475e-04 
1.838475e-04 
1.838475e-04 
1.838475e-04 
1.838475e-04 
1.838475e-04 
1.838475e-04 
1.838475e-04 
1.838475e-04 
1.838475e-04 
1.838475e-04 
1.838475e-04 
1.838475e-04 
1.838475e-04 
1.838475e-04 
1.838475e-04 
1.838475e-04 
1.838475e-04 
1.838475e-04 
1.838475e-04 
1.838475e-04 
1.838475e-04 
1.838475e-04 
1.838475e-04 
1.838475e-04 
1.838475e-04 
1.838475e-04 
1.838475e-04 
1.838475e-04 
1.838475e-04 
1.838475e-04 
1.838475e-04 
1.838475e-04 
1.838475e-04 
1.838475e-04 
1.838475e-04 
1.838475e-04 
1.838475e-04 
1.838475e-04 
1.838475e-04 
1.838475e-04 
1.838475e-04 
1.838475e-04 
1.838475e-04 
1.838475e-04 
1.838475e-04 
1.838475e-04 
1.838475e-04 
1.838475e-04 
1.838475e-04 
1.838475e-04 
1.838475e-04 
1.838475e-04 
1.838475e-04 
1.838475e-04 
1.838475e-04 
1.838475e-04 
1.838475e-04 
1.838475e-04 
1.838475e-04 
1.838475e-04 
1.838475e-04 
1.838475e-04 
1.838475e-04 
1.838475e-04 
1.838475e-04 
1.838475e-04 
1.838475e-04 
1.838475e-04 
1.838475e-04 
1.838475e-04 
1.838475e-04 
1.838475e-04 
1.838475e-04 
1.838475e-04 
1.838475e-04 
1.838475e-04 
1.838475e-04 
1.838475e-04 
1.838475e-04 
1.838475e-04 
1.838475e-04 
1.838475e-04 
1.838475e-04 
1.838475e-04 
1.838475e-04 
1.838475e-04 
1.838475e-04 
1.838475e-04 
1.838475e-04 
1.838475e-04 
1.838475e-04 
1.838475e-04 
1.854985e-04 
1.934545e-04 
2.019127e-04 
2.109130e-04 
2.204993e-04 
2.307195e-04 
2.416261e-04 
2.532771e-04 
2.657360e-04 
2.790730e-04 
2.933657e-04 
3.087002e-04 
3.251722e-04 
3.428884e-04 
3.619679e-04 
3.825434e-04 
4.047625e-04 
4.287896e-04 
4.548078e-04 
4.830227e-04 
5.136652e-04 
5.469960e-04 
5.833107e-04 
6.229432e-04 
6.662719e-04 
7.137250e-04 
7.657877e-04 
8.230120e-04 
8.860283e-04 
9.555589e-04 
1.032433e-03 
1.117609e-03 
1.212192e-03 
1.317466e-03 
1.434924e-03 
1.566308e-03 
1.713661e-03 
1.879387e-03 
2.066320e-03 
2.277826e-03 
2.517911e-03 
2.791371e-03 
3.103970e-03 
3.462679e-03 
3.875971e-03 
4.354208e-03 
4.910139e-03 
5.559557e-03 
6.322170e-03 
7.222752e-03 
8.292708e-03 
9.572192e-03 
1.111303e-02 
1.298278e-02 
1.527043e-02 
1.809450e-02 
2.161462e-02 
2.604821e-02 
3.169447e-02 
3.896833e-02 
4.844679e-02 
6.092612e-02 
7.747508e-02 
9.943558e-02 
1.282646e-01 
1.650922e-01 
2.100711e-01 
2.620144e-01 
3.187946e-01 
3.781837e-01 
4.384308e-01 
4.983753e-01 
5.573108e-01 
6.148028e-01 
6.705378e-01 
7.242102e-01 
7.754366e-01 
8.236883e-01 
8.682440e-01 
9.081705e-01 
9.423471e-01 
9.488357e-01 
9.488357e-01 
9.488357e-01 
9.488357e-01 
9.488357e-01 
9.488357e-01 
9.488357e-01 
9.488357e-01 
9.488357e-01 
9.488357e-01 
9.488357e-01 
9.488357e-01 
9.488357e-01 
9.488357e-01 
9.488357e-01 
9.488357e-01 
9.488357e-01 
9.488357e-01 
9.488357e-01 
9.488357e-01 
9.488357e-01 
9.488357e-01 
9.488357e-01 
9.488357e-01 
9.488357e-01 
9.488357e-01 
9.488357e-01 
9.488357e-01 
9.488357e-01 
9.488357e-01 
9.488357e-01 
9.488357e-01 
9.488357e-01 
9.488357e-01 
9.488357e-01 
9.488357e-01 
9.488357e-01 
9.488357e-01 
9.488357e-01 
9.488357e-01 
9.488357e-01 
9.488357e-01 
9.488357e-01 
9.488357e-01 
9.488357e-01 
9.488357e-01 
9.488357e-01 
9.488357e-01 
9.488357e-01 
9.488357e-01 
9.488357e-01 
9.488357e-01 
9.488357e-01 
9.488357e-01 
9.488357e-01 
9.488357e-01 
9.488357e-01 
9.488357e-01 
9.488357e-01 
9.488357e-01 
9.488357e-01 
9.488357e-01 
9.488357e-01 
9.488357e-01 
9.488357e-01 
9.488357e-01 
9.488357e-01 
9.488357e-01 
9.488357e-01 
9.488357e-01 
9.488357e-01 
9.488357e-01 
9.488357e-01 
9.488357e-01 
9.488357e-01 
9.488357e-01 
9.488357e-01 
9.488357e-01 
9.488357e-01 
9.488357e-01 
9.488357e-01 
9.488357e-01 
9.488357e-01 
9.488357e-01 
9.488357e-01 
9.488357e-01 
9.488357e-01 
9.488357e-01 
9.488357e-01 
9.488357e-01 
9.488357e-01 
9.488357e-01 
9.488357e-01 
9.488357e-01 
9.488357e-01 
9.488357e-01 
9.488357e-01 
9.488357e-01 
9.488357e-01 
9.488357e-01 
9.488357e-01 
9.488357e-01 
9.488357e-01 
9.488357e-01 
9.488357e-01 
9.488357e-01 
9.488357e-01 
9.488357e-01 
9.488357e-01 
9.488357e-01 
9.488357e-01 
9.488357e-01 
9.488357e-01 
9.488357e-01 
9.488357e-01 
9.488357e-01 
9.488357e-01 
9.488357e-01 
9.488357e-01 
9.488357e-01 
9.488357e-01 
9.488357e-01 
9.488357e-01 
9.488357e-01 
9.488357e-01 
9.488357e-01 
9.488357e-01 
9.488357e-01 
9.488357e-01 
9.488357e-01 
9.488357e-01 
9.488357e-01 
9.488357e-01 
9.488357e-01 
9.488357e-01 
9.488357e-01 
9.488357e-01 
9.488357e-01 
9.488357e-01 
9.488357e-01 
9.488357e-01 
9.488357e-01 
9.488357e-01 
9.488357e-01 
9.488357e-01 
9.488357e-01 
9.488357e-01 
9.488357e-01 
9.488357e-01 
9.488357e-01 
9.488357e-01 
9.488357e-01 
9.488357e-01 
9.488357e-01 
9.488357e-01 
9.488357e-01 
9.488357e-01 
9.488357e-01 
9.488357e-01 
9.488357e-01 
9.488357e-01 
9.488357e-01 
9.488357e-01 
9.488357e-01 
9.488357e-01 
9.488357e-01 
9.488357e-01 
9.488357e-01 
9.488357e-01 
9.488357e-01 
9.488356e-01 
9.488355e-01 
9.488354e-01 
9.488353e-01 
9.488352e-01 
9.488350e-01 
9.488348e-01 
9.488347e-01 
9.488344e-01 
9.488342e-01 
9.488340e-01 
9.488337e-01 
9.488334e-01 
9.488331e-01 
9.488328e-01 
9.488324e-01 
9.488320e-01 
9.488316e-01 
9.488312e-01 
9.488307e-01 
9.488302e-01 
9.488297e-01 
9.488292e-01 
9.488287e-01 
9.488283e-01 
9.488279e-01 
9.488275e-01 
9.488272e-01 
9.488268e-01 
9.488266e-01 
9.488263e-01 
9.488261e-01 
9.488258e-01 
9.488256e-01 
9.488254e-01 
9.488253e-01 
9.488251e-01 
9.488249e-01 
9.488248e-01 
9.488246e-01 
9.488245e-01 
9.488244e-01 
9.488242e-01 
9.488241e-01 
9.488240e-01 
9.488239e-01 
9.488238e-01 
9.488237e-01 
9.488236e-01 
9.488235e-01 
9.488234e-01 
9.488233e-01 
9.488232e-01 
9.488231e-01 
9.488230e-01 
9.488230e-01 
9.488229e-01 
9.488228e-01 
9.488227e-01 
9.488227e-01 
9.488226e-01 
9.488225e-01 
9.488225e-01 
9.488224e-01 
9.488224e-01 
9.488223e-01 
9.488222e-01 
9.488222e-01 
9.488221e-01 
9.488221e-01 
9.488220e-01 
9.488220e-01 
9.488219e-01 
9.488219e-01 
9.488218e-01 
9.488218e-01 
9.488218e-01 
9.488217e-01 
9.488217e-01 
9.488216e-01 
9.488216e-01 
9.488216e-01 
9.488216e-01 
9.488216e-01 
9.488216e-01 
9.488216e-01 
9.488216e-01 
9.488216e-01 
9.488216e-01 
9.488216e-01 
9.488216e-01 
9.488216e-01 
9.488216e-01 
9.488216e-01 
9.488216e-01 
9.488216e-01 
9.488216e-01 
9.488216e-01 
9.488216e-01 
9.488216e-01 
9.488216e-01 
9.488216e-01 
9.488216e-01 
9.488216e-01 
9.488216e-01 
9.488216e-01 
9.488216e-01 
9.488216e-01 
9.488216e-01 
9.488216e-01 
9.488216e-01 
9.488216e-01 
9.488216e-01 
9.488216e-01 
9.488216e-01 
9.488216e-01 
9.488216e-01 
9.488216e-01 
9.488216e-01 
9.488216e-01 
9.488216e-01 
9.488216e-01 
9.488216e-01 
9.488216e-01 
9.488216e-01 
9.488216e-01 
9.488216e-01 
9.488216e-01 
9.488216e-01 
9.488216e-01 
9.488216e-01 
9.488216e-01 
9.488216e-01 
9.488216e-01 
9.488216e-01 
9.488216e-01 
9.488216e-01 
9.488216e-01 
9.488216e-01 
9.488216e-01 
9.488216e-01 
9.488216e-01 
9.488216e-01 
9.488216e-01 
9.488216e-01 
9.488216e-01 
9.488216e-01 
9.488216e-01 
9.488216e-01 
9.488216e-01 
9.488216e-01 
9.488216e-01 
9.488216e-01 
9.488216e-01 
9.488216e-01 
9.488216e-01 
9.488216e-01 
9.488216e-01 
9.488216e-01 
9.488216e-01 
9.488216e-01 
9.488216e-01 
9.488216e-01 
9.488216e-01 
9.488216e-01 
9.488216e-01 
9.488216e-01 
9.488216e-01 
9.488216e-01 
9.488216e-01 
9.488216e-01 
9.488216e-01 
9.488216e-01 
9.488216e-01 
9.488216e-01 
9.488216e-01 
9.488216e-01 
9.488216e-01 
9.488216e-01 
9.488216e-01 
9.488216e-01 
9.488216e-01 
9.488216e-01 
9.488216e-01 
9.488216e-01 
9.488216e-01 
9.488216e-01 
9.488216e-01 
9.488216e-01 
9.488216e-01 
9.488216e-01 
9.488216e-01 
9.488216e-01 
9.488216e-01 
9.488216e-01 
9.488216e-01 
9.488216e-01 
9.488216e-01 
9.488216e-01 
9.488216e-01 
9.488216e-01 
9.488216e-01 
9.488216e-01 
9.488216e-01 
9.488216e-01 
9.488216e-01 
9.488216e-01 
9.488216e-01 
9.488216e-01 
9.488216e-01 
9.488216e-01 
9.488216e-01 
9.488216e-01 
9.488216e-01 
9.488216e-01 
9.488216e-01 
9.488216e-01 
9.488216e-01 
9.488216e-01 
9.488216e-01 
9.488216e-01 
9.488216e-01 
9.488216e-01 
9.488216e-01 
9.488216e-01 
9.488216e-01 
9.488216e-01 
9.488216e-01 
9.488216e-01 
9.488216e-01 
9.488216e-01 
9.488216e-01 
9.488216e-01 
9.488216e-01 
9.488216e-01 
9.488216e-01 
9.488216e-01 
9.488216e-01 
9.488216e-01 
9.488216e-01 
9.488216e-01 
9.488216e-01 
9.488216e-01 
9.488216e-01 
9.488216e-01 
9.488216e-01 
9.488216e-01 
9.488216e-01 
9.488216e-01 
9.423296e-01 
9.081291e-01 
8.681608e-01 
8.235264e-01 
7.751100e-01 
7.235237e-01 
6.690816e-01 
6.117750e-01 
5.512163e-01 
4.864942e-01 
4.158043e-01 
3.353832e-01 
2.352834e-01 
6.888643e-02 
1.838945e-04 
-1.127462e-05 
-6.663171e-06 
-4.484577e-06 
-3.250865e-06 
-2.475397e-06 
-1.953330e-06 
-1.584225e-06 
-1.313464e-06 
-1.109028e-06 
-9.510414e-07 
-8.265944e-07 
-7.269914e-07 
-6.461942e-07 
-5.799015e-07 
-5.249821e-07 
-4.791136e-07 
-4.405453e-07 
-4.079389e-07 
-3.802584e-07 
-3.566940e-07 
-3.366069e-07 
-3.194898e-07 
-3.049376e-07 
-2.926264e-07 
-2.822971e-07 
-2.737434e-07 
-2.668028e-07 
-2.613499e-07 
-2.572914e-07 
-2.545627e-07 
-2.531256e-07 
-2.529671e-07 
-2.540991e-07 
-2.565594e-07 
-2.604137e-07 
-2.657582e-07 
-2.727246e-07 
-2.814857e-07 
-2.922638e-07 
-3.053415e-07 
-3.210754e-07 
-3.399147e-07 
-3.624284e-07 
-3.893564e-07 
-4.218509e-07 
-4.660850e-07 
-1.169012e-06 
-1.852924e-06 
-2.097720e-06 
-2.290190e-06 
-2.453859e-06 
-2.600079e-06 
-2.733492e-06 
-2.854557e-06 
-2.961669e-06 
-3.052826e-06 
-3.126604e-06 
-3.182445e-06 
-3.220509e-06 
-3.241387e-06 
-3.245841e-06 
-3.234623e-06 
-3.208391e-06 
-3.167691e-06 
-3.112997e-06 
-3.044789e-06 
-3.028388e-06 
-3.028388e-06 
-3.028388e-06 
-3.028388e-06 
-3.028388e-06 
-3.028388e-06 
-3.028388e-06 
-3.028388e-06 
-3.028388e-06 
-3.028388e-06 
-3.028388e-06 
-3.028388e-06 
-3.028388e-06 
-3.028388e-06 
-3.028388e-06 
-3.028388e-06 
-3.028388e-06 
-3.028388e-06 
-3.028388e-06 
-3.028388e-06 
-3.028388e-06 
-3.028388e-06 
-3.028388e-06 
-3.028388e-06 
-3.028388e-06 
-3.028388e-06 
-3.028388e-06 
-3.028388e-06 
-3.028388e-06 
-3.028388e-06 
-3.028388e-06 
-3.028388e-06 
-3.028388e-06 
-3.028388e-06 
-3.028388e-06 
-3.028388e-06 
-3.028388e-06 
-3.028388e-06 
-3.028388e-06 
-3.028388e-06 
-3.028388e-06 
-3.028388e-06 
-3.028388e-06 
-3.028388e-06 
-3.028388e-06 
-3.028388e-06 
-3.028388e-06 
-3.028388e-06 
-3.028388e-06 
-3.028388e-06 
-3.028388e-06 
-3.028388e-06 
-3.028388e-06 
-3.028388e-06 
-3.028388e-06 
-3.028388e-06 
-3.028388e-06 
-3.028388e-06 
-3.028388e-06 
-3.028388e-06 
-3.028388e-06 
-3.028388e-06 
-3.028388e-06 
-3.028388e-06 
-3.028388e-06 
-3.028388e-06 
-3.028388e-06 
-3.028388e-06 
-3.028388e-06 
-3.028388e-06 
-3.028388e-06 
-3.028388e-06 
-3.028388e-06 
-3.028388e-06 
-3.028388e-06 
-3.028388e-06 
-3.028388e-06 
-3.028388e-06 
-3.028388e-06 
-3.028388e-06 
-3.028388e-06 
-3.028388e-06 
-3.028388e-06 
-3.028388e-06 
-3.028388e-06 
-3.028388e-06 
-3.028388e-06 
-3.028388e-06 
-3.028388e-06 
-3.028388e-06 
-3.028388e-06 
-3.028388e-06 
-3.028388e-06 
-3.028388e-06 
-3.028388e-06 
-3.028388e-06 
-3.028388e-06 
-3.028388e-06 
-3.028388e-06 
-3.028388e-06 
-3.028388e-06 
-3.028388e-06 
-3.028388e-06 
-3.028388e-06 
-3.028388e-06 
-3.028388e-06 
-3.028388e-06 
-3.028388e-06 
-3.028388e-06 
-3.028388e-06 
-3.028388e-06 
-3.028388e-06 
-3.028388e-06 
-3.028388e-06 
-3.028388e-06 
-3.028388e-06 
-3.028388e-06 
-3.028388e-06 
-3.028388e-06 
-3.028388e-06 
-3.028388e-06 
-3.028388e-06 
-3.028388e-06 
-3.028388e-06 
-3.028388e-06 
-3.028388e-06 
-3.028388e-06 
-3.028388e-06 
-3.028388e-06 
-3.028388e-06 
-3.028388e-06 
-3.028388e-06 
-3.028388e-06 
-3.028388e-06 
-3.028388e-06 
-3.028388e-06 
-3.028388e-06 
-3.028388e-06 
-3.028388e-06 
-3.028388e-06 
-3.028388e-06 
-3.028388e-06 
-3.028388e-06 
-3.028388e-06 
-3.028388e-06 
-3.028388e-06 
-3.028388e-06 
-3.028388e-06 
-3.028388e-06 
-3.028388e-06 
-3.028388e-06 
-3.028388e-06 
-3.028388e-06 
-3.028388e-06 
-3.028388e-06 
-3.028388e-06 
-3.028388e-06 
-3.028388e-06 
-3.028388e-06 
-3.028388e-06 
-3.028388e-06 
-3.028388e-06 
-3.028388e-06 
-3.028388e-06 
-3.028388e-06 
-3.028388e-06 
-3.028388e-06 
-3.028388e-06 
-3.028388e-06 
-3.037694e-06 
-3.082229e-06 
-3.129028e-06 
-3.178238e-06 
-3.230017e-06 
-3.284538e-06 
-3.341987e-06 
-3.402565e-06 
-3.466493e-06 
-3.534009e-06 
-3.605371e-06 
-3.680864e-06 
-3.760794e-06 
-3.845501e-06 
-3.935353e-06 
-4.030755e-06 
-4.132153e-06 
-4.240036e-06 
-4.354942e-06 
-4.477468e-06 
-4.608274e-06 
-4.748089e-06 
-4.897727e-06 
-5.058091e-06 
-5.230190e-06 
-5.415151e-06 
-5.614236e-06 
-5.828864e-06 
-6.060633e-06 
-6.311345e-06 
-6.583046e-06 
-6.878055e-06 
-7.199018e-06 
-7.548954e-06 
-7.931328e-06 
-8.350125e-06 
-8.809939e-06 
-9.316096e-06 
-9.874778e-06 
-1.049319e-05 
-1.117977e-05 
-1.194441e-05 
-1.279872e-05 
-1.375642e-05 
-1.483368e-05 
-1.604957e-05 
-1.742656e-05 
-1.899096e-05 
-2.077334e-05 
-2.280871e-05 
-2.513619e-05 
-2.779796e-05 
-3.083700e-05 
-3.429309e-05 
-3.819735e-05 
-4.256557e-05 
-4.739237e-05 
-5.264833e-05 
-5.828206e-05 
-6.422705e-05 
-7.041112e-05 
-7.676521e-05 
-8.322937e-05 
-8.975526e-05 
-9.630579e-05 
-1.028532e-04 
-1.093763e-04 
-1.158576e-04 
-1.222807e-04 
-1.286280e-04 
-1.348786e-04 
-1.410071e-04 
-1.469817e-04 
-1.527640e-04 
-1.583084e-04 
-1.635624e-04 
-1.684673e-04 
-1.729601e-04 
-1.769751e-04 
-1.804470e-04 
-1.833146e-04 
-1.838475e-04 
-1.838475e-04 
-1.838475e-04 
-1.838475e-04 
-1.838475e-04 
-1.838475e-04 
-1.838475e-04 
-1.838475e-04 
-1.838475e-04 
-1.838475e-04 
-1.838475e-04 
-1.838475e-04 
-1.838475e-04 
-1.838475e-04 
-1.838475e-04 
-1.838475e-04 
-1.838475e-04 
-1.838475e-04 
-1.838475e-04 
-1.838475e-04 
-1.838475e-04 
-1.838475e-04 
-1.838475e-04 
-1.838475e-04 
-1.838475e-04 
-1.838475e-04 
-1.838475e-04 
-1.838475e-04 
-1.838475e-04 
-1.838475e-04 
-1.838475e-04 
-1.838475e-04 
-1.838475e-04 
-1.838475e-04 
-1.838475e-04 
-1.838475e-04 
-1.838475e-04 
-1.838475e-04 
-1.838475e-04 
-1.838475e-04 
-1.838475e-04 
-1.838475e-04 
-1.838475e-04 
-1.838475e-04 
-1.838475e-04 
-1.838475e-04 
-1.838475e-04 
-1.838475e-04 
-1.838475e-04 
-1.838475e-04 
-1.838475e-04 
-1.838475e-04 
-1.838475e-04 
-1.838475e-04 
-1.838475e-04 
-1.838475e-04 
-1.838475e-04 
-1.838475e-04 
-1.838475e-04 
-1.838475e-04 
-1.838475e-04 
-1.838475e-04 
-1.838475e-04 
-1.838475e-04 
-1.838475e-04 
-1.838475e-04 
-1.838475e-04 
-1.838475e-04 
-1.838475e-04 
-1.838475e-04 
-1.838475e-04 
-1.838475e-04 
-1.838475e-04 
-1.838475e-04 
-1.838475e-04 
-1.838475e-04 
-1.838475e-04 
-1.838475e-04 
-1.838475e-04 
-1.838475e-04 
-1.838475e-04 
-1.838475e-04 
-1.838475e-04 
-1.838475e-04 
-1.838475e-04 
-1.838475e-04 
-1.838475e-04 
-1.838475e-04 
-1.838475e-04 
-1.838475e-04 
-1.838475e-04 
-1.838475e-04 
-1.838475e-04 
-1.838475e-04 
-1.838475e-04 
-1.838475e-04 
-1.838475e-04 
-1.838475e-04 
-1.838475e-04 
-1.838475e-04 
-1.838475e-04 
-1.838475e-04 
-1.838475e-04 
-1.838475e-04 
-1.838475e-04 
-1.838475e-04 
-1.838475e-04 
-1.838475e-04 
-1.838475e-04 
-1.838475e-04 
-1.838475e-04 
-1.838475e-04 
-1.838475e-04 
-1.838475e-04 
-1.838475e-04 
-1.838475e-04 
-1.838475e-04 
-1.838475e-04 
-1.838475e-04 
-1.838475e-04 
-1.838475e-04 
-1.838475e-04 
-1.838475e-04 
-1.838475e-04 
-1.838475e-04 
-1.838475e-04 
-1.838475e-04 
-1.838475e-04 
-1.838475e-04 
-1.838475e-04 
-1.838475e-04 
-1.838475e-04 
-1.838475e-04 
-1.838475e-04 
-1.838475e-04 
-1.838475e-04 
-1.838475e-04 
-1.838475e-04 
-1.838475e-04 
-1.838475e-04 
-1.838475e-04 
-1.838475e-04 
-1.838475e-04 
-1.838475e-04 
-1.838475e-04 
-1.838475e-04 
-1.838475e-04 
-1.838475e-04 
-1.838475e-04 
-1.838475e-04 
-1.838475e-04 
-1.838475e-04 
-1.838475e-04 
-1.838475e-04 
-1.838475e-04 
-1.838475e-04 
-1.838475e-04 
-1.838475e-04 
-1.838475e-04 
-1.838475e-04 
-1.838475e-04 
-1.838475e-04 
-1.838475e-04 
-1.838475e-04 
-1.838475e-04 
-1.838475e-04 
-1.838475e-04 
-1.838475e-04 
-1.838475e-04 
-1.854985e-04 
-1.934545e-04 
-2.019127e-04 
-2.109130e-04 
-2.204993e-04 
-2.307195e-04 
-2.416261e-04 
-2.532771e-04 
-2.657360e-04 
-2.790730e-04 
-2.933657e-04 
-3.087002e-04 
-3.251722e-04 
-3.428884e-04 
-3.619679e-04 
-3.825434e-04 
-4.047625e-04 
-4.287896e-04 
-4.548078e-04 
-4.830227e-04 
-5.136652e-04 
-5.469960e-04 
-5.833107e-04 
-6.229432e-04 
-6.662719e-04 
-7.137250e-04 
-7.657877e-04 
-8.230120e-04 
-8.860283e-04 
-9.555589e-04 
-1.032433e-03 
-1.117609e-03 
-1.212192e-03 
-1.317466e-03 
-1.434924e-03 
-1.566308e-03 
-1.713661e-03 
-1.879387e-03 
-2.066320e-03 
-2.277826e-03 
-2.517911e-03 
-2.791371e-03 
-3.103970e-03 
-3.462679e-03 
-3.875971e-03 
-4.354208e-03 
-4.910139e-03 
-5.559557e-03 
-6.322170e-03 
-7.222752e-03 
-8.292708e-03 
-9.572192e-03 
-1.111303e-02 
-1.298278e-02 
-1.527043e-02 
-1.809450e-02 
-2.161462e-02 
-2.604821e-02 
-3.169447e-02 
-3.896833e-02 
-4.844679e-02 
-6.092612e-02 
-7.747508e-02 
-9.943558e-02 
-1.282646e-01 
-1.650922e-01 
-2.100711e-01 
-2.620144e-01 
-3.187946e-01 
-3.781837e-01 
-4.384308e-01 
-4.983753e-01 
-5.573108e-01 
-6.148028e-01 
-6.705378e-01 
-7.242102e-01 
-7.754366e-01 
-8.236883e-01 
-8.682440e-01 
-9.081705e-01 
-9.423471e-01 
-9.488357e-01 
-9.488357e-01 
-9.488357e-01 
-9.488357e-01 
-9.488357e-01 
-9.488357e-01 
-9.488357e-01 
-9.488357e-01 
-9.488357e-01 
-9.488357e-01 
-9.488357e-01 
-9.488357e-01 
-9.488357e-01 
-9.488357e-01 
-9.488357e-01 
-9.488357e-01 
-9.488357e-01 
-9.488357e-01 
-9.488357e-01 
-9.488357e-01 
-9.488357e-01 
-9.488357e-01 
-9.488357e-01 
-9.488357e-01 
-9.488357e-01 
-9.488357e-01 
-9.488357e-01 
-9.488357e-01 
-9.488357e-01 
-9.488357e-01 
-9.488357e-01 
-9.488357e-01 
-9.488357e-01 
-9.488357e-01 
-9.488357e-01 
-9.488357e-01 
-9.488357e-01 
-9.488357e-01 
-9.488357e-01 
-9.488357e-01 
-9.488357e-01 
-9.488357e-01 
-9.488357e-01 
-9.488357e-01 
-9.488357e-01 
-9.488357e-01 
-9.488357e-01 
-9.488357e-01 
-9.488357e-01 
-9.488357e-01 
-9.488357e-01 
-9.488357e-01 
-9.488357e-01 
-9.488357e-01 
-9.488357e-01 
-9.488357e-01 
-9.488357e-01 
-9.488357e-01 
-9.488357e-01 
-9.488357e-01 
-9.488357e-01 
-9.488357e-01 
-9.488357e-01 
-9.488357e-01 
-9.488357e-01 
-9.488357e-01 
-9.488357e-01 
-9.488357e-01 
-9.488357e-01 
-9.488357e-01 
-9.488357e-01 
-9.488357e-01 
-9.488357e-01 
-9.488357e-01 
-9.488357e-01 
-9.488357e-01 
-9.488357e-01 
-9.488357e-01 
-9.488357e-01 
-9.488357e-01 
-9.488357e-01 
-9.488357e-01 
-9.488357e-01 
-9.488357e-01 
-9.488357e-01 
-9.488357e-01 
-9.488357e-01 
-9.488357e-01 
-9.488357e-01 
-9.488357e-01 
-9.488357e-01 
-9.488357e-01 
-9.488357e-01 
-9.488357e-01 
-9.488357e-01 
-9.488357e-01 
-9.488357e-01 
-9.488357e-01 
-9.488357e-01 
-9.488357e-01 
-9.488357e-01 
-9.488357e-01 
-9.488357e-01 
-9.488357e-01 
-9.488357e-01 
-9.488357e-01 
-9.488357e-01 
-9.488357e-01 
-9.488357e-01 
-9.488357e-01 
-9.488357e-01 
-9.488357e-01 
-9.488357e-01 
-9.488357e-01 
-9.488357e-01 
-9.488357e-01 
-9.488357e-01 
-9.488357e-01 
-9.488357e-01 
-9.488357e-01 
-9.488357e-01 
-9.488357e-01 
-9.488357e-01 
-9.488357e-01 
-9.488357e-01 
-9.488357e-01 
-9.488357e-01 
-9.488357e-01 
-9.488357e-01 
-9.488357e-01 
-9.488357e-01 
-9.488357e-01 
-9.488357e-01 
-9.488357e-01 
-9.488357e-01 
-9.488357e-01 
-9.488357e-01 
-9.488357e-01 
-9.488357e-01 
-9.488357e-01 
-9.488357e-01 
-9.488357e-01 
-9.488357e-01 
-9.488357e-01 
-9.488357e-01 
-9.488357e-01 
-9.488357e-01 
-9.488357e-01 
-9.488357e-01 
-9.488357e-01 
-9.488357e-01 
-9.488357e-01 
-9.488357e-01 
-9.488357e-01 
-9.488357e-01 
-9.488357e-01 
-9.488357e-01 
-9.488357e-01 
-9.488357e-01 
-9.488357e-01 
-9.488357e-01 
-9.488357e-01 
-9.488357e-01 
-9.488357e-01 
-9.488357e-01 
-9.488357e-01 
-9.488357e-01 
-9.488357e-01 
-9.488357e-01 
-9.488357e-01 
-9.488356e-01 
-9.488355e-01 
-9.488354e-01 
-9.488353e-01 
-9.488352e-01 
-9.488350e-01 
-9.488348e-01 
-9.488347e-01 
-9.488344e-01 
-9.488342e-01 
-9.488340e-01 
-9.488337e-01 
-9.488334e-01 
-9.488331e-01 
-9.488328e-01 
-9.488324e-01 
-9.488320e-01 
-9.488316e-01 
-9.488312e-01 
-9.488307e-01 
-9.488302e-01 
-9.488297e-01 
-9.488292e-01 
-9.488287e-01 
-9.488283e-01 
-9.488279e-01 
-9.488275e-01 
-9.488272e-01 
-9.488268e-01 
-9.488266e-01 
-9.488263e-01 
-9.488261e-01 
-9.488258e-01 
-9.488256e-01 
-9.488254e-01 
-9.488253e-01 
-9.488251e-01 
-9.488249e-01 
-9.488248e-01 
-9.488246e-01 
-9.488245e-01 
-9.488244e-01 
-9.488242e-01 
-9.488241e-01 
-9.488240e-01 
-9.488239e-01 
-9.488238e-01 
-9.488237e-01 
-9.488236e-01 
-9.488235e-01 
-9.488234e-01 
-9.488233e-01 
-9.488232e-01 
-9.488231e-01 
-9.488230e-01 
-9.488230e-01 
-9.488229e-01 
-9.488228e-01 
-9.488227e-01 
-9.488227e-01 
-9.488226e-01 
-9.488225e-01 
-9.488225e-01 
-9.488224e-01 
-9.488224e-01 
-9.488223e-01 
-9.488222e-01 
-9.488222e-01 
-9.488221e-01 
-9.488221e-01 
-9.488220e-01 
-9.488220e-01 
-9.488219e-01 
-9.488219e-01 
-9.488218e-01 
-9.488218e-01 
-9.488218e-01 
-9.488217e-01 
-9.488217e-01 
-9.488216e-01 
-9.488216e-01 
-9.488216e-01 
-9.488216e-01 
-9.488216e-01 
-9.488216e-01 
-9.488216e-01 
-9.488216e-01 
-9.488216e-01 
-9.488216e-01 
-9.488216e-01 
-9.488216e-01 
-9.488216e-01 
-9.488216e-01 
-9.488216e-01 
-9.488216e-01 
-9.488216e-01 
-9.488216e-01 
-9.488216e-01 
-9.488216e-01 
-9.488216e-01 
-9.488216e-01 
-9.488216e-01 
-9.488216e-01 
-9.488216e-01 
-9.488216e-01 
-9.488216e-01 
-9.488216e-01 
-9.488216e-01 
-9.488216e-01 
-9.488216e-01 
-9.488216e-01 
-9.488216e-01 
-9.488216e-01 
-9.488216e-01 
-9.488216e-01 
-9.488216e-01 
-9.488216e-01 
-9.488216e-01 
-9.488216e-01 
-9.488216e-01 
-9.488216e-01 
-9.488216e-01 
-9.488216e-01 
-9.488216e-01 
-9.488216e-01 
-9.488216e-01 
-9.488216e-01 
-9.488216e-01 
-9.488216e-01 
-9.488216e-01 
-9.488216e-01 
-9.488216e-01 
-9.488216e-01 
-9.488216e-01 
-9.488216e-01 
-9.488216e-01 
-9.488216e-01 
-9.488216e-01 
-9.488216e-01 
-9.488216e-01 
-9.488216e-01 
-9.488216e-01 
-9.488216e-01 
-9.488216e-01 
-9.488216e-01 
-9.488216e-01 
-9.488216e-01 
-9.488216e-01 
-9.488216e-01 
-9.488216e-01 
-9.488216e-01 
-9.488216e-01 
-9.488216e-01 
-9.488216e-01 
-9.488216e-01 
-9.488216e-01 
-9.488216e-01 
-9.488216e-01 
-9.488216e-01 
-9.488216e-01 
-9.488216e-01 
-9.488216e-01 
-9.488216e-01 
-9.488216e-01 
-9.488216e-01 
-9.488216e-01 
-9.488216e-01 
-9.488216e-01 
-9.488216e-01 
-9.488216e-01 
-9.488216e-01 
-9.488216e-01 
-9.488216e-01 
-9.488216e-01 
-9.488216e-01 
-9.488216e-01 
-9.488216e-01 
-9.488216e-01 
-9.488216e-01 
-9.488216e-01 
-9.488216e-01 
-9.488216e-01 
-9.488216e-01 
-9.488216e-01 
-9.488216e-01 
-9.488216e-01 
-9.488216e-01 
-9.488216e-01 
-9.488216e-01 
-9.488216e-01 
-9.488216e-01 
-9.488216e-01 
-9.488216e-01 
-9.488216e-01 
-9.488216e-01 
-9.488216e-01 
-9.488216e-01 
-9.488216e-01 
-9.488216e-01 
-9.488216e-01 
-9.488216e-01 
-9.488216e-01 
-9.488216e-01 
-9.488216e-01 
-9.488216e-01 
-9.488216e-01 
-9.488216e-01 
-9.488216e-01 
-9.488216e-01 
-9.488216e-01 
-9.488216e-01 
-9.488216e-01 
-9.488216e-01 
-9.488216e-01 
-9.488216e-01 
-9.488216e-01 
-9.488216e-01 
-9.488216e-01 
-9.488216e-01 
-9.488216e-01 
-9.488216e-01 
-9.488216e-01 
-9.488216e-01 
-9.488216e-01 
-9.488216e-01 
-9.488216e-01 
-9.488216e-01 
-9.488216e-01 
-9.488216e-01 
-9.488216e-01 
-9.488216e-01 
-9.488216e-01 
-9.488216e-01 
-9.488216e-01 
-9.488216e-01 
-9.488216e-01 
-9.488216e-01 
-9.488216e-01 
-9.488216e-01 
-9.488216e-01 
-9.488216e-01 
-9.488216e-01 
-9.488216e-01 
-9.488216e-01 
-9.488216e-01 
-9.488216e-01 
-9.488216e-01 
-9.488216e-01 
-9.488216e-01 
-9.423296e-01 
-9.081291e-01 
-8.681608e-01 
-8.235264e-01 
-7.751100e-01 
-7.235237e-01 
-6.690816e-01 
-6.117750e-01 
-5.512163e-01 
-4.864942e-01 
-4.158043e-01 
-3.353832e-01 
-2.352834e-01 
-6.888643e-02 
-1.838945e-04 
1.127462e-05 
6.663171e-06 
4.484577e-06 
3.250865e-06 
2.475397e-06 
1.953330e-06 
1.584225e-06 
1.313464e-06 
1.109028e-06 
9.510414e-07 
8.265944e-07 
7.269914e-07 
6.461942e-07 
5.799015e-07 
5.249821e-07 
4.791136e-07 
4.405453e-07 
4.079389e-07 
3.802584e-07 
3.566940e-07 
3.366069e-07 
3.194898e-07 
3.049376e-07 
2.926264e-07 
2.822971e-07 
2.737434e-07 
2.668028e-07 
2.613499e-07 
2.572914e-07 
2.545627e-07 
2.531256e-07 
2.529671e-07 
2.540991e-07 
2.565594e-07 
2.604137e-07 
2.657582e-07 
2.727246e-07 
2.814857e-07 
2.922638e-07 
3.053415e-07 
3.210754e-07 
3.399147e-07 
3.624284e-07 
3.893564e-07 
4.218509e-07 
4.660850e-07 
1.169012e-06 
1.852924e-06 
2.097720e-06 
2.290190e-06 
2.453859e-06 
2.600079e-06 
2.733492e-06 
2.854557e-06 
2.961669e-06 
3.052826e-06 
3.126604e-06 
3.182445e-06 
3.220509e-06 
3.241387e-06 
3.245841e-06 
3.234623e-06 
3.208391e-06 
3.167691e-06 
3.112997e-06 
3.044789e-06 
3.028388e-06 
3.028388e-06 
3.028388e-06 
3.028388e-06 
3.028388e-06 
3.028388e-06 
3.028388e-06 
3.028388e-06 
3.028388e-06 
3.028388e-06 
3.028388e-06 
3.028388e-06 
3.028388e-06 
3.028388e-06 
3.028388e-06 
3.028388e-06 
3.028388e-06 
3.028388e-06 
3.028388e-06 
3.028388e-06 
3.028388e-06 
3.028388e-06 
3.028388e-06 
3.028388e-06 
3.028388e-06 
3.028388e-06 
3.028388e-06 
3.028388e-06 
3.028388e-06 
3.028388e-06 
3.028388e-06 
3.028388e-06 
3.028388e-06 
3.028388e-06 
3.028388e-06 
3.028388e-06 
3.028388e-06 
3.028388e-06 
3.028388e-06 
3.028388e-06 
3.028388e-06 
3.028388e-06 
3.028388e-06 
3.028388e-06 
3.028388e-06 
3.028388e-06 
3.028388e-06 
3.028388e-06 
3.028388e-06 
3.028388e-06 
3.028388e-06 
3.028388e-06 
3.028388e-06 
3.028388e-06 
3.028388e-06 
3.028388e-06 
3.028388e-06 
3.028388e-06 
3.028388e-06 
3.028388e-06 
3.028388e-06 
3.028388e-06 
3.028388e-06 
3.028388e-06 
3.028388e-06 
3.028388e-06 
3.028388e-06 
3.028388e-06 
3.028388e-06 
3.028388e-06 
3.028388e-06 
3.028388e-06 
3.028388e-06 
3.028388e-06 
3.028388e-06 
3.028388e-06 
3.028388e-06 
3.028388e-06 
3.028388e-06 
3.028388e-06 
3.028388e-06 
3.028388e-06 
3.028388e-06 
3.028388e-06 
3.028388e-06 
3.028388e-06 
3.028388e-06 
3.028388e-06 
3.028388e-06 
3.028388e-06 
3.028388e-06 
3.028388e-06 
3.028388e-06 
3.028388e-06 
3.028388e-06 
3.028388e-06 
3.028388e-06 
3.028388e-06 
3.028388e-06 
3.028388e-06 
3.028388e-06 
3.028388e-06 
3.028388e-06 
3.028388e-06 
3.028388e-06 
3.028388e-06 
3.028388e-06 
3.028388e-06 
3.028388e-06 
3.028388e-06 
3.028388e-06 
3.028388e-06 
3.028388e-06 
3.028388e-06 
3.028388e-06 
3.028388e-06 
3.028388e-06 
3.028388e-06 
3.028388e-06 
3.028388e-06 
3.028388e-06 
3.028388e-06 
3.028388e-06 
3.028388e-06 
3.028388e-06 
3.028388e-06 
3.028388e-06 
3.028388e-06 
3.028388e-06 
3.028388e-06 
3.028388e-06 
3.028388e-06 
3.028388e-06 
3.028388e-06 
3.028388e-06 
3.028388e-06 
3.028388e-06 
3.028388e-06 
3.028388e-06 
3.028388e-06 
3.028388e-06 
3.028388e-06 
3.028388e-06 
3.028388e-06 
3.028388e-06 
3.028388e-06 
3.028388e-06 
3.028388e-06 
3.028388e-06 
3.028388e-06 
3.028388e-06 
3.028388e-06 
3.028388e-06 
3.028388e-06 
3.028388e-06 
3.028388e-06 
3.028388e-06 
3.028388e-06 
3.028388e-06 
3.028388e-06 
3.028388e-06 
3.028388e-06 
3.028388e-06 
3.028388e-06 
3.028388e-06 
3.028388e-06 
3.028388e-06 
3.028388e-06 
3.028388e-06 
3.037694e-06 
3.082229e-06 
3.129028e-06 
3.178238e-06 
3.230017e-06 
3.284538e-06 
3.341987e-06 
3.402565e-06 
3.466493e-06 
3.534009e-06 
3.605371e-06 
3.680864e-06 
3.760794e-06 
3.845501e-06 
3.935353e-06 
4.030755e-06 
4.132153e-06 
4.240036e-06 
4.354942e-06 
4.477468e-06 
4.608274e-06 
4.748089e-06 
4.897727e-06 
5.058091e-06 
5.230190e-06 
5.415151e-06 
5.614236e-06 
5.828864e-06 
6.060633e-06 
6.311345e-06 
6.583046e-06 
6.878055e-06 
7.199018e-06 
7.548954e-06 
7.931328e-06 
8.350125e-06 
8.809939e-06 
9.316096e-06 
9.874778e-06 
1.049319e-05 
1.117977e-05 
1.194441e-05 
1.279872e-05 
1.375642e-05 
1.483368e-05 
1.604957e-05 
1.742656e-05 
1.899096e-05 
2.077334e-05 
2.280871e-05 
2.513619e-05 
2.779796e-05 
3.083700e-05 
3.429309e-05 
3.819735e-05 
4.256557e-05 
4.739237e-05 
5.264833e-05 
5.828206e-05 
6.422705e-05 
7.041112e-05 
7.676521e-05 
8.322937e-05 
8.975526e-05 
9.630579e-05 
1.028532e-04 
1.093763e-04 
1.158576e-04 
1.222807e-04 
1.286280e-04 
1.348786e-04 
1.410071e-04 
1.469817e-04 
1.527640e-04 
1.583084e-04 
1.635624e-04 
1.684673e-04 
1.729601e-04 
1.769751e-04 
1.804470e-04 
1.833146e-04 
1.838475e-04 
1.838475e-04 
1.838475e-04 
1.838475e-04 
1.838475e-04 
1.838475e-04 
1.838475e-04 
1.838475e-04 
1.838475e-04 
1.838475e-04 
1.838475e-04 
1.838475e-04 
1.838475e-04 
1.838475e-04 
1.838475e-04 
1.838475e-04 
1.838475e-04 
1.838475e-04 
1.838475e-04 
1.838475e-04 
1.838475e-04 
1.838475e-04 
1.838475e-04 
1.838475e-04 
1.838475e-04 
1.838475e-04 
1.838475e-04 
1.838475e-04 
1.838475e-04 
1.838475e-04 
1.838475e-04 
1.838475e-04 
1.838475e-04 
1.838475e-04 
1.838475e-04 
1.838475e-04 
1.838475e-04 
1.838475e-04 
1.838475e-04 
1.838475e-04 
1.838475e-04 
1.838475e-04 
1.838475e-04 
1.838475e-04 
1.838475e-04 
1.838475e-04 
1.838475e-04 
1.838475e-04 
1.838475e-04 
1.838475e-04 
1.838475e-04 
1.838475e-04 
1.838475e-04 
1.838475e-04 
1.838475e-04 
1.838475e-04 
1.838475e-04 
1.838475e-04 
1.838475e-04 
1.838475e-04 
1.838475e-04 
1.838475e-04 
1.838475e-04 
1.838475e-04 
1.838475e-04 
1.838475e-04 
1.838475e-04 
1.838475e-04 
1.838475e-04 
1.838475e-04 
1.838475e-04 
1.838475e-04 
1.838475e-04 
1.838475e-04 
1.838475e-04 
1.838475e-04 
1.838475e-04 
1.838475e-04 
1.838475e-04 
1.838475e-04 
1.838475e-04 
1.838475e-04 
1.838475e-04 
1.838475e-04 
1.838475e-04 
1.838475e-04 
1.838475e-04 
1.838475e-04 
1.838475e-04 
1.838475e-04 
1.838475e-04 
1.838475e-04 
1.838475e-04 
1.838475e-04 
1.838475e-04 
1.838475e-04 
1.838475e-04 
1.838475e-04 
1.838475e-04 
1.838475e-04 
1.838475e-04 
1.838475e-04 
1.838475e-04 
1.838475e-04 
1.838475e-04 
1.838475e-04 
1.838475e-04 
1.838475e-04 
1.838475e-04 
1.838475e-04 
1.838475e-04 
1.838475e-04 
1.838475e-04 
1.838475e-04 
1.838475e-04 
1.838475e-04 
1.838475e-04 
1.838475e-04 
1.838475e-04 
1.838475e-04 
1.838475e-04 
1.838475e-04 
1.838475e-04 
1.838475e-04 
1.838475e-04 
1.838475e-04 
1.838475e-04 
1.838475e-04 
1.838475e-04 
1.838475e-04 
1.838475e-04 
1.838475e-04 
1.838475e-04 
1.838475e-04 
1.838475e-04 
1.838475e-04 
1.838475e-04 
1.838475e-04 
1.838475e-04 
1.838475e-04 
1.838475e-04 
1.838475e-04 
1.838475e-04 
1.838475e-04 
1.838475e-04 
1.838475e-04 
1.838475e-04 
1.838475e-04 
1.838475e-04 
1.838475e-04 
1.838475e-04 
1.838475e-04 
1.838475e-04 
1.838475e-04 
1.838475e-04 
1.838475e-04 
1.838475e-04 
1.838475e-04 
1.838475e-04 
1.838475e-04 
1.838475e-04 
1.838475e-04 
1.838475e-04 
1.838475e-04 
1.838475e-04 
1.838475e-04 
1.838475e-04 
1.838475e-04 
1.838475e-04 
1.854985e-04 
1.934545e-04 
2.019127e-04 
2.109130e-04 
2.204993e-04 
2.307195e-04 
2.416261e-04 
2.532771e-04 
2.657360e-04 
2.790730e-04 
2.933657e-04 
3.087002e-04 
3.251722e-04 
3.428884e-04 
3.619679e-04 
3.825434e-04 
4.047625e-04 
4.287896e-04 
4.548078e-04 
4.830227e-04 
5.136652e-04 
5.469960e-04 
5.833107e-04 
6.229432e-04 
6.662719e-04 
7.137250e-04 
7.657877e-04 
8.230120e-04 
8.860283e-04 
9.555589e-04 
1.032433e-03 
1.117609e-03 
1.212192e-03 
1.317466e-03 
1.434924e-03 
1.566308e-03 
1.713661e-03 
1.879387e-03 
2.066320e-03 
2.277826e-03 
2.517911e-03 
2.791371e-03 
3.103970e-03 
3.462679e-03 
3.875971e-03 
4.354208e-03 
4.910139e-03 
5.559557e-03 
6.322170e-03 
7.222752e-03 
8.292708e-03 
9.572192e-03 
1.111303e-02 
1.298278e-02 
1.527043e-02 
1.809450e-02 
2.161462e-02 
2.604821e-02 
3.169447e-02 
3.896833e-02 
4.844679e-02 
6.092612e-02 
7.747508e-02 
9.943558e-02 
1.282646e-01 
1.650922e-01 
2.100711e-01 
2.620144e-01 
3.187946e-01 
3.781837e-01 
4.384308e-01 
4.983753e-01 
5.573108e-01 
6.148028e-01 
6.705378e-01 
7.242102e-01 
7.754366e-01 
8.236883e-01 
8.682440e-01 
9.081705e-01 
9.423471e-01 
9.488357e-01 
9.488357e-01 
9.488357e-01 
9.488357e-01 
9.488357e-01 
9.488357e-01 
9.488357e-01 
9.488357e-01 
9.488357e-01 
9.488357e-01 
9.488357e-01 
9.488357e-01 
9.488357e-01 
9.488357e-01 
9.488357e-01 
9.488357e-01 
9.488357e-01 
9.488357e-01 
9.488357e-01 
9.488357e-01 
9.488357e-01 
9.488357e-01 
9.488357e-01 
9.488357e-01 
9.488357e-01 
9.488357e-01 
9.488357e-01 
9.488357e-01 
9.488357e-01 
9.488357e-01 
9.488357e-01 
9.488357e-01 
9.488357e-01 
9.488357e-01 
9.488357e-01 
9.488357e-01 
9.488357e-01 
9.488357e-01 
9.488357e-01 
9.488357e-01 
9.488357e-01 
9.488357e-01 
9.488357e-01 
9.488357e-01 
9.488357e-01 
9.488357e-01 
9.488357e-01 
9.488357e-01 
9.488357e-01 
9.488357e-01 
9.488357e-01 
9.488357e-01 
9.488357e-01 
9.488357e-01 
9.488357e-01 
9.488357e-01 
9.488357e-01 
9.488357e-01 
9.488357e-01 
9.488357e-01 
9.488357e-01 
9.488357e-01 
9.488357e-01 
9.488357e-01 
9.488357e-01 
9.488357e-01 
9.488357e-01 
9.488357e-01 
9.488357e-01 
9.488357e-01 
9.488357e-01 
9.488357e-01 
9.488357e-01 
9.488357e-01 
9.488357e-01 
9.488357e-01 
9.488357e-01 
9.488357e-01 
9.488357e-01 
9.488357e-01 
9.488357e-01 
9.488357e-01 
9.488357e-01 
9.488357e-01 
9.488357e-01 
9.488357e-01 
9.488357e-01 
9.488357e-01 
9.488357e-01 
9.488357e-01 
9.488357e-01 
9.488357e-01 
9.488357e-01 
9.488357e-01 
9.488357e-01 
9.488357e-01 
9.488357e-01 
9.488357e-01 
9.488357e-01 
9.488357e-01 
9.488357e-01 
9.488357e-01 
9.488357e-01 
9.488357e-01 
9.488357e-01 
9.488357e-01 
9.488357e-01 
9.488357e-01 
9.488357e-01 
9.488357e-01 
9.488357e-01 
9.488357e-01 
9.488357e-01 
9.488357e-01 
9.488357e-01 
9.488357e-01 
9.488357e-01 
9.488357e-01 
9.488357e-01 
9.488357e-01 
9.488357e-01 
9.488357e-01 
9.488357e-01 
9.488357e-01 
9.488357e-01 
9.488357e-01 
9.488357e-01 
9.488357e-01 
9.488357e-01 
9.488357e-01 
9.488357e-01 
9.488357e-01 
9.488357e-01 
9.488357e-01 
9.488357e-01 
9.488357e-01 
9.488357e-01 
9.488357e-01 
9.488357e-01 
9.488357e-01 
9.488357e-01 
9.488357e-01 
9.488357e-01 
9.488357e-01 
9.488357e-01 
9.488357e-01 
9.488357e-01 
9.488357e-01 
9.488357e-01 
9.488357e-01 
9.488357e-01 
9.488357e-01 
9.488357e-01 
9.488357e-01 
9.488357e-01 
9.488357e-01 
9.488357e-01 
9.488357e-01 
9.488357e-01 
9.488357e-01 
9.488357e-01 
9.488357e-01 
9.488357e-01 
9.488357e-01 
9.488357e-01 
9.488357e-01 
9.488357e-01 
9.488357e-01 
9.488357e-01 
9.488357e-01 
9.488356e-01 
9.488355e-01 
9.488354e-01 
9.488353e-01 
9.488352e-01 
9.488350e-01 
9.488348e-01 
9.488347e-01 
9.488344e-01 
9.488342e-01 
9.488340e-01 
9.488337e-01 
9.488334e-01 
9.488331e-01 
9.488328e-01 
9.488324e-01 
9.488320e-01 
9.488316e-01 
9.488312e-01 
9.488307e-01 
9.488302e-01 
9.488297e-01 
9.488292e-01 
9.488287e-01 
9.488283e-01 
9.488279e-01 
9.488275e-01 
9.488272e-01 
9.488268e-01 
9.488266e-01 
9.488263e-01 
9.488261e-01 
9.488258e-01 
9.488256e-01 
9.488254e-01 
9.488253e-01 
9.488251e-01 
9.488249e-01 
9.488248e-01 
9.488246e-01 
9.488245e-01 
9.488244e-01 
9.488242e-01 
9.488241e-01 
9.488240e-01 
9.488239e-01 
9.488238e-01 
9.488237e-01 
9.488236e-01 
9.488235e-01 
9.488234e-01 
9.488233e-01 
9.488232e-01 
9.488231e-01 
9.488230e-01 
9.488230e-01 
9.488229e-01 
9.488228e-01 
9.488227e-01 
9.488227e-01 
9.488226e-01 
9.488225e-01 
9.488225e-01 
9.488224e-01 
9.488224e-01 
9.488223e-01 
9.488222e-01 
9.488222e-01 
9.488221e-01 
9.488221e-01 
9.488220e-01 
9.488220e-01 
9.488219e-01 
9.488219e-01 
9.488218e-01 
9.488218e-01 
9.488218e-01 
9.488217e-01 
9.488217e-01 
9.488216e-01 
9.488216e-01 
9.488216e-01 
9.488216e-01 
9.488216e-01 
9.488216e-01 
9.488216e-01 
9.488216e-01 
9.488216e-01 
9.488216e-01 
9.488216e-01 
9.488216e-01 
9.488216e-01 
9.488216e-01 
9.488216e-01 
9.488216e-01 
9.488216e-01 
9.488216e-01 
9.488216e-01 
9.488216e-01 
9.488216e-01 
9.488216e-01 
9.488216e-01 
9.488216e-01 
9.488216e-01 
9.488216e-01 
9.488216e-01 
9.488216e-01 
9.488216e-01 
9.488216e-01 
9.488216e-01 
9.488216e-01 
9.488216e-01 
9.488216e-01 
9.488216e-01 
9.488216e-01 
9.488216e-01 
9.488216e-01 
9.488216e-01 
9.488216e-01 
9.488216e-01 
9.488216e-01 
9.488216e-01 
9.488216e-01 
9.488216e-01 
9.488216e-01 
9.488216e-01 
9.488216e-01 
9.488216e-01 
9.488216e-01 
9.488216e-01 
9.488216e-01 
9.488216e-01 
9.488216e-01 
9.488216e-01 
9.488216e-01 
9.488216e-01 
9.488216e-01 
9.488216e-01 
9.488216e-01 
9.488216e-01 
9.488216e-01 
9.488216e-01 
9.488216e-01 
9.488216e-01 
9.488216e-01 
9.488216e-01 
9.488216e-01 
9.488216e-01 
9.488216e-01 
9.488216e-01 
9.488216e-01 
9.488216e-01 
9.488216e-01 
9.488216e-01 
9.488216e-01 
9.488216e-01 
9.488216e-01 
9.488216e-01 
9.488216e-01 
9.488216e-01 
9.488216e-01 
9.488216e-01 
9.488216e-01 
9.488216e-01 
9.488216e-01 
9.488216e-01 
9.488216e-01 
9.488216e-01 
9.488216e-01 
9.488216e-01 
9.488216e-01 
9.488216e-01 
9.488216e-01 
9.488216e-01 
9.488216e-01 
9.488216e-01 
9.488216e-01 
9.488216e-01 
9.488216e-01 
9.488216e-01 
9.488216e-01 
9.488216e-01 
9.488216e-01 
9.488216e-01 
9.488216e-01 
9.488216e-01 
9.488216e-01 
9.488216e-01 
9.488216e-01 
9.488216e-01 
9.488216e-01 
9.488216e-01 
9.488216e-01 
9.488216e-01 
9.488216e-01 
9.488216e-01 
9.488216e-01 
9.488216e-01 
9.488216e-01 
9.488216e-01 
9.488216e-01 
9.488216e-01 
9.488216e-01 
9.488216e-01 
9.488216e-01 
9.488216e-01 
9.488216e-01 
9.488216e-01 
9.488216e-01 
9.488216e-01 
9.488216e-01 
9.488216e-01 
9.488216e-01 
9.488216e-01 
9.488216e-01 
9.488216e-01 
9.488216e-01 
9.488216e-01 
9.488216e-01 
9.488216e-01 
9.488216e-01 
9.488216e-01 
9.488216e-01 
9.488216e-01 
9.488216e-01 
9.488216e-01 
9.488216e-01 
9.488216e-01 
9.488216e-01 
9.488216e-01 
9.488216e-01 
9.488216e-01 
9.488216e-01 
9.488216e-01 
9.488216e-01 
9.488216e-01 
9.488216e-01 
9.488216e-01 
9.488216e-01 
9.488216e-01 
9.488216e-01 
9.488216e-01 
9.488216e-01 
9.488216e-01 
9.488216e-01 
9.488216e-01 
9.488216e-01 
9.488216e-01 
9.488216e-01 
9.423296e-01 
9.081291e-01 
8.681608e-01 
8.235264e-01 
7.751100e-01 
7.235237e-01 
6.690816e-01 
6.117750e-01 
5.512163e-01 
4.864942e-01 
4.158043e-01 
3.353832e-01 
2.352834e-01 
6.888643e-02 
1.838945e-04 
-1.127462e-05 
-6.663171e-06 
-4.484577e-06 
-3.250865e-06 
-2.475397e-06 
-1.953330e-06 
-1.584225e-06 
-1.313464e-06 
-1.109028e-06 
-9.510414e-07 
-8.265944e-07 
-7.269914e-07 
-6.461942e-07 
-5.799015e-07 
-5.249821e-07 
-4.791136e-07 
-4.405453e-07 
-4.079389e-07 
-3.802584e-07 
-3.566940e-07 
-3.366069e-07 
-3.194898e-07 
-3.049376e-07 
-2.926264e-07 
-2.822971e-07 
-2.737434e-07 
-2.668028e-07 
-2.613499e-07 
-2.572914e-07 
-2.545627e-07 
-2.531256e-07 
-2.529671e-07 
-2.540991e-07 
-2.565594e-07 
-2.604137e-07 
-2.657582e-07 
-2.727246e-07 
-2.814857e-07 
-2.922638e-07 
-3.053415e-07 
-3.210754e-07 
-3.399147e-07 
-3.624284e-07 
-3.893564e-07 
-4.218509e-07 
-4.660850e-07 
-1.169012e-06 
-1.852924e-06 
-2.097720e-06 
-2.290190e-06 
-2.453859e-06 
-2.600079e-06 
-2.733492e-06 
-2.854557e-06 
-2.961669e-06 
-3.052826e-06 
-3.126604e-06 
-3.182445e-06 
-3.220509e-06 
-3.241387e-06 
-3.245841e-06 
-3.234623e-06 
-3.208391e-06 
-3.167691e-06 
-3.112997e-06 
-3.044789e-06 
-3.028388e-06 
-3.028388e-06 
-3.028388e-06 
-3.028388e-06 
-3.028388e-06 
-3.028388e-06 
-3.028388e-06 
-3.028388e-06 
-3.028388e-06 
-3.028388e-06 
-3.028388e-06 
-3.028388e-06 
-3.028388e-06 
-3.028388e-06 
-3.028388e-06 
-3.028388e-06 
-3.028388e-06 
-3.028388e-06 
-3.028388e-06 
-3.028388e-06 
-3.028388e-06 
-3.028388e-06 
-3.028388e-06 
-3.028388e-06 
-3.028388e-06 
-3.028388e-06 
-3.028388e-06 
-3.028388e-06 
-3.028388e-06 
-3.028388e-06 
-3.028388e-06 
-3.028388e-06 
-3.028388e-06 
-3.028388e-06 
-3.028388e-06 
-3.028388e-06 
-3.028388e-06 
-3.028388e-06 
-3.028388e-06 
-3.028388e-06 
-3.028388e-06 
-3.028388e-06 
-3.028388e-06 
-3.028388e-06 
-3.028388e-06 
-3.028388e-06 
-3.028388e-06 
-3.028388e-06 
-3.028388e-06 
-3.028388e-06 
-3.028388e-06 
-3.028388e-06 
-3.028388e-06 
-3.028388e-06 
-3.028388e-06 
-3.028388e-06 
-3.028388e-06 
-3.028388e-06 
-3.028388e-06 
-3.028388e-06 
-3.028388e-06 
-3.028388e-06 
-3.028388e-06 
-3.028388e-06 
-3.028388e-06 
-3.028388e-06 
-3.028388e-06 
-3.028388e-06 
-3.028388e-06 
-3.028388e-06 
-3.028388e-06 
-3.028388e-06 
-3.028388e-06 
-3.028388e-06 
-3.028388e-06 
-3.028388e-06 
-3.028388e-06 
-3.028388e-06 
-3.028388e-06 
-3.028388e-06 
-3.028388e-06 
-3.028388e-06 
-3.028388e-06 
-3.028388e-06 
-3.028388e-06 
-3.028388e-06 
-3.028388e-06 
-3.028388e-06 
-3.028388e-06 
-3.028388e-06 
-3.028388e-06 
-3.028388e-06 
-3.028388e-06 
-3.028388e-06 
-3.028388e-06 
-3.028388e-06 
-3.028388e-06 
-3.028388e-06 
-3.028388e-06 
-3.028388e-06 
-3.028388e-06 
-3.028388e-06 
-3.028388e-06 
-3.028388e-06 
-3.028388e-06 
-3.028388e-06 
-3.028388e-06 
-3.028388e-06 
-3.028388e-06 
-3.028388e-06 
-3.028388e-06 
-3.028388e-06 
-3.028388e-06 
-3.028388e-06 
-3.028388e-06 
-3.028388e-06 
-3.028388e-06 
-3.028388e-06 
-3.028388e-06 
-3.028388e-06 
-3.028388e-06 
-3.028388e-06 
-3.028388e-06 
-3.028388e-06 
-3.028388e-06 
-3.028388e-06 
-3.028388e-06 
-3.028388e-06 
-3.028388e-06 
-3.028388e-06 
-3.028388e-06 
-3.028388e-06 
-3.028388e-06 
-3.028388e-06 
-3.028388e-06 
-3.028388e-06 
-3.028388e-06 
-3.028388e-06 
-3.028388e-06 
-3.028388e-06 
-3.028388e-06 
-3.028388e-06 
-3.028388e-06 
-3.028388e-06 
-3.028388e-06 
-3.028388e-06 
-3.028388e-06 
-3.028388e-06 
-3.028388e-06 
-3.028388e-06 
-3.028388e-06 
-3.028388e-06 
-3.028388e-06 
-3.028388e-06 
-3.028388e-06 
-3.028388e-06 
-3.028388e-06 
-3.028388e-06 
-3.028388e-06 
-3.028388e-06 
-3.028388e-06 
-3.028388e-06 
-3.028388e-06 
-3.028388e-06 
-3.028388e-06 
-3.028388e-06 
-3.028388e-06 
-3.028388e-06 
-3.028388e-06 
-3.037694e-06 
-3.082229e-06 
-3.129028e-06 
-3.178238e-06 
-3.230017e-06 
-3.284538e-06 
-3.341987e-06 
-3.402565e-06 
-3.466493e-06 
-3.534009e-06 
-3.605371e-06 
-3.680864e-06 
-3.760794e-06 
-3.845501e-06 
-3.935353e-06 
-4.030755e-06 
-4.132153e-06 
-4.240036e-06 
-4.354942e-06 
-4.477468e-06 
-4.608274e-06 
-4.748089e-06 
-4.897727e-06 
-5.058091e-06 
-5.230190e-06 
-5.415151e-06 
-5.614236e-06 
-5.828864e-06 
-6.060633e-06 
-6.311345e-06 
-6.583046e-06 
-6.878055e-06 
-7.199018e-06 
-7.548954e-06 
-7.931328e-06 
-8.350125e-06 
-8.809939e-06 
-9.316096e-06 
-9.874778e-06 
-1.049319e-05 
-1.117977e-05 
-1.194441e-05 
-1.279872e-05 
-1.375642e-05 
-1.483368e-05 
-1.604957e-05 
-1.742656e-05 
-1.899096e-05 
-2.077334e-05 
-2.280871e-05 
-2.513619e-05 
-2.779796e-05 
-3.083700e-05 
-3.429309e-05 
-3.819735e-05 
-4.256557e-05 
-4.739237e-05 
-5.264833e-05 
-5.828206e-05 
-6.422705e-05 
-7.041112e-05 
-7.676521e-05 
-8.322937e-05 
-8.975526e-05 
-9.630579e-05 
-1.028532e-04 
-1.093763e-04 
-1.158576e-04 
-1.222807e-04 
-1.286280e-04 
-1.348786e-04 
-1.410071e-04 
-1.469817e-04 
-1.527640e-04 
-1.583084e-04 
-1.635624e-04 
-1.684673e-04 
-1.729601e-04 
-1.769751e-04 
-1.804470e-04 
-1.833146e-04 
-1.838475e-04 
-1.838475e-04 
-1.838475e-04 
-1.838475e-04 
-1.838475e-04 
-1.838475e-04 
-1.838475e-04 
-1.838475e-04 
-1.838475e-04 
-1.838475e-04 
-1.838475e-04 
-1.838475e-04 
-1.838475e-04 
-1.838475e-04 
-1.838475e-04 
-1.838475e-04 
-1.838475e-04 
-1.838475e-04 
-1.838475e-04 
-1.838475e-04 
-1.838475e-04 
-1.838475e-04 
-1.838475e-04 
-1.838475e-04 
-1.838475e-04 
-1.838475e-04 
-1.838475e-04 
-1.838475e-04 
-1.838475e-04 
-1.838475e-04 
-1.838475e-04 
-1.838475e-04 
-1.838475e-04 
-1.838475e-04 
-1.838475e-04 
-1.838475e-04 
-1.838475e-04 
-1.838475e-04 
-1.838475e-04 
-1.838475e-04 
-1.838475e-04 
-1.838475e-04 
-1.838475e-04 
-1.838475e-04 
-1.838475e-04 
-1.838475e-04 
-1.838475e-04 
-1.838475e-04 
-1.838475e-04 
-1.838475e-04 
-1.838475e-04 
-1.838475e-04 
-1.838475e-04 
-1.838475e-04 
-1.838475e-04 
-1.838475e-04 
-1.838475e-04 
-1.838475e-04 
-1.838475e-04 
-1.838475e-04 
-1.838475e-04 
-1.838475e-04 
-1.838475e-04 
-1.838475e-04 
-1.838475e-04 
-1.838475e-04 
-1.838475e-04 
-1.838475e-04 
-1.838475e-04 
-1.838475e-04 
-1.838475e-04 
-1.838475e-04 
-1.838475e-04 
-1.838475e-04 
-1.838475e-04 
-1.838475e-04 
-1.838475e-04 
-1.838475e-04 
-1.838475e-04 
-1.838475e-04 
-1.838475e-04 
-1.838475e-04 
-1.838475e-04 
-1.838475e-04 
-1.838475e-04 
-1.838475e-04 
-1.838475e-04 
-1.838475e-04 
-1.838475e-04 
-1.838475e-04 
-1.838475e-04 
-1.838475e-04 
-1.838475e-04 
-1.838475e-04 
-1.838475e-04 
-1.838475e-04 
-1.838475e-04 
-1.838475e-04 
-1.838475e-04 
-1.838475e-04 
-1.838475e-04 
-1.838475e-04 
-1.838475e-04 
-1.838475e-04 
-1.838475e-04 
-1.838475e-04 
-1.838475e-04 
-1.838475e-04 
-1.838475e-04 
-1.838475e-04 
-1.838475e-04 
-1.838475e-04 
-1.838475e-04 
-1.838475e-04 
-1.838475e-04 
-1.838475e-04 
-1.838475e-04 
-1.838475e-04 
-1.838475e-04 
-1.838475e-04 
-1.838475e-04 
-1.838475e-04 
-1.838475e-04 
-1.838475e-04 
-1.838475e-04 
-1.838475e-04 
-1.838475e-04 
-1.838475e-04 
-1.838475e-04 
-1.838475e-04 
-1.838475e-04 
-1.838475e-04 
-1.838475e-04 
-1.838475e-04 
-1.838475e-04 
-1.838475e-04 
-1.838475e-04 
-1.838475e-04 
-1.838475e-04 
-1.838475e-04 
-1.838475e-04 
-1.838475e-04 
-1.838475e-04 
-1.838475e-04 
-1.838475e-04 
-1.838475e-04 
-1.838475e-04 
-1.838475e-04 
-1.838475e-04 
-1.838475e-04 
-1.838475e-04 
-1.838475e-04 
-1.838475e-04 
-1.838475e-04 
-1.838475e-04 
-1.838475e-04 
-1.838475e-04 
-1.838475e-04 
-1.838475e-04 
-1.838475e-04 
-1.838475e-04 
-1.838475e-04 
-1.838475e-04 
-1.838475e-04 
-1.838475e-04 
-1.838475e-04 
-1.838475e-04 
-1.838475e-04 
-1.838475e-04 
-1.854985e-04 
-1.934545e-04 
-2.019127e-04 
-2.109130e-04 
-2.204993e-04 
-2.307195e-04 
-2.416261e-04 
-2.532771e-04 
-2.657360e-04 
-2.790730e-04 
-2.933657e-04 
-3.087002e-04 
-3.251722e-04 
-3.428884e-04 
-3.619679e-04 
-3.825434e-04 
-4.047625e-04 
-4.287896e-04 
-4.548078e-04 
-4.830227e-04 
-5.136652e-04 
-5.469960e-04 
-5.833107e-04 
-6.229432e-04 
-6.662719e-04 
-7.137250e-04 
-7.657877e-04 
-8.230120e-04 
-8.860283e-04 
-9.555589e-04 
-1.032433e-03 
-1.117609e-03 
-1.212192e-03 
-1.317466e-03 
-1.434924e-03 
-1.566308e-03 
-1.713661e-03 
-1.879387e-03 
-2.066320e-03 
-2.277826e-03 
-2.517911e-03 
-2.791371e-03 
-3.103970e-03 
-3.462679e-03 
-3.875971e-03 
-4.354208e-03 
-4.910139e-03 
-5.559557e-03 
-6.322170e-03 
-7.222752e-03 
-8.292708e-03 
-9.572192e-03 
-1.111303e-02 
-1.298278e-02 
-1.527043e-02 
-1.809450e-02 
-2.161462e-02 
-2.604821e-02 
-3.169447e-02 
-3.896833e-02 
-4.844679e-02 
-6.092612e-02 
-7.747508e-02 
-9.943558e-02 
-1.282646e-01 
-1.650922e-01 
-2.100711e-01 
-2.620144e-01 
-3.187946e-01 
-3.781837e-01 
-4.384308e-01 
-4.983753e-01 
-5.573108e-01 
-6.148028e-01 
-6.705378e-01 
-7.242102e-01 
-7.754366e-01 
-8.236883e-01 
-8.682440e-01 
-9.081705e-01 
-9.423471e-01 
-9.488357e-01 
-9.488357e-01 
-9.488357e-01 
-9.488357e-01 
-9.488357e-01 
-9.488357e-01 
-9.488357e-01 
-9.488357e-01 
-9.488357e-01 
-9.488357e-01 
-9.488357e-01 
-9.488357e-01 
-9.488357e-01 
-9.488357e-01 
-9.488357e-01 
-9.488357e-01 
-9.488357e-01 
-9.488357e-01 
-9.488357e-01 
-9.488357e-01 
-9.488357e-01 
-9.488357e-01 
-9.488357e-01 
-9.488357e-01 
-9.488357e-01 
-9.488357e-01 
-9.488357e-01 
-9.488357e-01 
-9.488357e-01 
-9.488357e-01 
-9.488357e-01 
-9.488357e-01 
-9.488357e-01 
-9.488357e-01 
-9.488357e-01 
-9.488357e-01 
-9.488357e-01 
-9.488357e-01 
-9.488357e-01 
-9.488357e-01 
-9.488357e-01 
-9.488357e-01 
-9.488357e-01 
-9.488357e-01 
-9.488357e-01 
-9.488357e-01 
-9.488357e-01 
-9.488357e-01 
-9.488357e-01 
-9.488357e-01 
-9.488357e-01 
-9.488357e-01 
-9.488357e-01 
-9.488357e-01 
-9.488357e-01 
-9.488357e-01 
-9.488357e-01 
-9.488357e-01 
-9.488357e-01 
-9.488357e-01 
-9.488357e-01 
-9.488357e-01 
-9.488357e-01 
-9.488357e-01 
-9.488357e-01 
-9.488357e-01 
-9.488357e-01 
-9.488357e-01 
-9.488357e-01 
-9.488357e-01 
-9.488357e-01 
-9.488357e-01 
-9.488357e-01 
-9.488357e-01 
-9.488357e-01 
-9.488357e-01 
-9.488357e-01 
-9.488357e-01 
-9.488357e-01 
-9.488357e-01 
-9.488357e-01 
-9.488357e-01 
-9.488357e-01 
-9.488357e-01 
-9.488357e-01 
-9.488357e-01 
-9.488357e-01 
-9.488357e-01 
-9.488357e-01 
-9.488357e-01 
-9.488357e-01 
-9.488357e-01 
-9.488357e-01 
-9.488357e-01 
-9.488357e-01 
-9.488357e-01 
-9.488357e-01 
-9.488357e-01 
-9.488357e-01 
-9.488357e-01 
-9.488357e-01 
-9.488357e-01 
-9.488357e-01 
-9.488357e-01 
-9.488357e-01 
-9.488357e-01 
-9.488357e-01 
-9.488357e-01 
-9.488357e-01 
-9.488357e-01 
-9.488357e-01 
-9.488357e-01 
-9.488357e-01 
-9.488357e-01 
-9.488357e-01 
-9.488357e-01 
-9.488357e-01 
-9.488357e-01 
-9.488357e-01 
-9.488357e-01 
-9.488357e-01 
-9.488357e-01 
-9.488357e-01 
-9.488357e-01 
-9.488357e-01 
-9.488357e-01 
-9.488357e-01 
-9.488357e-01 
-9.488357e-01 
-9.488357e-01 
-9.488357e-01 
-9.488357e-01 
-9.488357e-01 
-9.488357e-01 
-9.488357e-01 
-9.488357e-01 
-9.488357e-01 
-9.488357e-01 
-9.488357e-01 
-9.488357e-01 
-9.488357e-01 
-9.488357e-01 
-9.488357e-01 
-9.488357e-01 
-9.488357e-01 
-9.488357e-01 
-9.488357e-01 
-9.488357e-01 
-9.488357e-01 
-9.488357e-01 
-9.488357e-01 
-9.488357e-01 
-9.488357e-01 
-9.488357e-01 
-9.488357e-01 
-9.488357e-01 
-9.488357e-01 
-9.488357e-01 
-9.488357e-01 
-9.488357e-01 
-9.488357e-01 
-9.488357e-01 
-9.488357e-01 
-9.488357e-01 
-9.488357e-01 
-9.488357e-01 
-9.488357e-01 
-9.488357e-01 
-9.488357e-01 
-9.488357e-01 
-9.488356e-01 
-9.488355e-01 
-9.488354e-01 
-9.488353e-01 
-9.488352e-01 
-9.488350e-01 
-9.488348e-01 
-9.488347e-01 
-9.488344e-01 
-9.488342e-01 
-9.488340e-01 
-9.488337e-01 
-9.488334e-01 
-9.488331e-01 
-9.488328e-01 
-9.488324e-01 
-9.488320e-01 
-9.488316e-01 
-9.488312e-01 
-9.488307e-01 
-9.488302e-01 
-9.488297e-01 
-9.488292e-01 
-9.488287e-01 
-9.488283e-01 
-9.488279e-01 
-9.488275e-01 
-9.488272e-01 
-9.488268e-01 
-9.488266e-01 
-9.488263e-01 
-9.488261e-01 
-9.488258e-01 
-9.488256e-01 
-9.488254e-01 
-9.488253e-01 
-9.488251e-01 
-9.488249e-01 
-9.488248e-01 
-9.488246e-01 
-9.488245e-01 
-9.488244e-01 
-9.488242e-01 
-9.488241e-01 
-9.488240e-01 
-9.488239e-01 
-9.488238e-01 
-9.488237e-01 
-9.488236e-01 
-9.488235e-01 
-9.488234e-01 
-9.488233e-01 
-9.488232e-01 
-9.488231e-01 
-9.488230e-01 
-9.488230e-01 
-9.488229e-01 
-9.488228e-01 
-9.488227e-01 
-9.488227e-01 
-9.488226e-01 
-9.488225e-01 
-9.488225e-01 
-9.488224e-01 
-9.488224e-01 
-9.488223e-01 
-9.488222e-01 
-9.488222e-01 
-9.488221e-01 
-9.488221e-01 
-9.488220e-01 
-9.488220e-01 
-9.488219e-01 
-9.488219e-01 
-9.488218e-01 
-9.488218e-01 
-9.488218e-01 
-9.488217e-01 
-9.488217e-01 
-9.488216e-01 
-9.488216e-01 
-9.488216e-01 
-9.488216e-01 
-9.488216e-01 
-9.488216e-01 
-9.488216e-01 
-9.488216e-01 
-9.488216e-01 
-9.488216e-01 
-9.488216e-01 
-9.488216e-01 
-9.488216e-01 
-9.488216e-01 
-9.488216e-01 
-9.488216e-01 
-9.488216e-01 
-9.488216e-01 
-9.488216e-01 
-9.488216e-01 
-9.488216e-01 
-9.488216e-01 
-9.488216e-01 
-9.488216e-01 
-9.488216e-01 
-9.488216e-01 
-9.488216e-01 
-9.488216e-01 
-9.488216e-01 
-9.488216e-01 
-9.488216e-01 
-9.488216e-01 
-9.488216e-01 
-9.488216e-01 
-9.488216e-01 
-9.488216e-01 
-9.488216e-01 
-9.488216e-01 
-9.488216e-01 
-9.488216e-01 
-9.488216e-01 
-9.488216e-01 
-9.488216e-01 
-9.488216e-01 
-9.488216e-01 
-9.488216e-01 
-9.488216e-01 
-9.488216e-01 
-9.488216e-01 
-9.488216e-01 
-9.488216e-01 
-9.488216e-01 
-9.488216e-01 
-9.488216e-01 
-9.488216e-01 
-9.488216e-01 
-9.488216e-01 
-9.488216e-01 
-9.488216e-01 
-9.488216e-01 
-9.488216e-01 
-9.488216e-01 
-9.488216e-01 
-9.488216e-01 
-9.488216e-01 
-9.488216e-01 
-9.488216e-01 
-9.488216e-01 
-9.488216e-01 
-9.488216e-01 
-9.488216e-01 
-9.488216e-01 
-9.488216e-01 
-9.488216e-01 
-9.488216e-01 
-9.488216e-01 
-9.488216e-01 
-9.488216e-01 
-9.488216e-01 
-9.488216e-01 
-9.488216e-01 
-9.488216e-01 
-9.488216e-01 
-9.488216e-01 
-9.488216e-01 
-9.488216e-01 
-9.488216e-01 
-9.488216e-01 
-9.488216e-01 
-9.488216e-01 
-9.488216e-01 
-9.488216e-01 
-9.488216e-01 
-9.488216e-01 
-9.488216e-01 
-9.488216e-01 
-9.488216e-01 
-9.488216e-01 
-9.488216e-01 
-9.488216e-01 
-9.488216e-01 
-9.488216e-01 
-9.488216e-01 
-9.488216e-01 
-9.488216e-01 
-9.488216e-01 
-9.488216e-01 
-9.488216e-01 
-9.488216e-01 
-9.488216e-01 
-9.488216e-01 
-9.488216e-01 
-9.488216e-01 
-9.488216e-01 
-9.488216e-01 
-9.488216e-01 
-9.488216e-01 
-9.488216e-01 
-9.488216e-01 
-9.488216e-01 
-9.488216e-01 
-9.488216e-01 
-9.488216e-01 
-9.488216e-01 
-9.488216e-01 
-9.488216e-01 
-9.488216e-01 
-9.488216e-01 
-9.488216e-01 
-9.488216e-01 
-9.488216e-01 
-9.488216e-01 
-9.488216e-01 
-9.488216e-01 
-9.488216e-01 
-9.488216e-01 
-9.488216e-01 
-9.488216e-01 
-9.488216e-01 
-9.488216e-01 
-9.488216e-01 
-9.488216e-01 
-9.488216e-01 
-9.488216e-01 
-9.488216e-01 
-9.488216e-01 
-9.488216e-01 
-9.488216e-01 
-9.488216e-01 
-9.488216e-01 
-9.488216e-01 
-9.488216e-01 
-9.488216e-01 
-9.488216e-01 
-9.488216e-01 
-9.488216e-01 
-9.488216e-01 
-9.488216e-01 
-9.488216e-01 
-9.488216e-01 
-9.488216e-01 
-9.488216e-01 
-9.488216e-01 
-9.488216e-01 
-9.488216e-01 
-9.488216e-01 
-9.488216e-01 
-9.488216e-01 
-9.488216e-01 
-9.488216e-01 
-9.423296e-01 
-9.081291e-01 
-8.681608e-01 
-8.235264e-01 
-7.751100e-01 
-7.235237e-01 
-6.690816e-01 
-6.117750e-01 
-5.512163e-01 
-4.864942e-01 
-4.158043e-01 
-3.353832e-01 
-2.352834e-01 
-6.888643e-02 
-1.838945e-04 
1.127462e-05 
6.663171e-06 
4.484577e-06 
3.250865e-06 
2.475397e-06 
1.953330e-06 
1.584225e-06 
1.313464e-06 
1.109028e-06 
9.510414e-07 
8.265944e-07 
7.269914e-07 
6.461942e-07 
5.799015e-07 
5.249821e-07 
4.791136e-07 
4.405453e-07 
4.079389e-07 
3.802584e-07 
3.566940e-07 
3.366069e-07 
3.194898e-07 
3.049376e-07 
2.926264e-07 
2.822971e-07 
2.737434e-07 
2.668028e-07 
2.613499e-07 
2.572914e-07 
2.545627e-07 
2.531256e-07 
2.529671e-07 
2.540991e-07 
2.565594e-07 
2.604137e-07 
2.657582e-07 
2.727246e-07 
2.814857e-07 
2.922638e-07 
3.053415e-07 
3.210754e-07 
3.399147e-07 
3.624284e-07 
3.893564e-07 
4.218509e-07 
4.660850e-07 
1.169012e-06 
1.852924e-06 
2.097720e-06 
2.290190e-06 
2.453859e-06 
2.600079e-06 
2.733492e-06 
2.854557e-06 
2.961669e-06 
3.052826e-06 
3.126604e-06 
3.182445e-06 
3.220509e-06 
3.241387e-06 
3.245841e-06 
3.234623e-06 
3.208391e-06 
3.167691e-06 
3.112997e-06 
3.044789e-06 
3.028388e-06 
3.028388e-06 
3.028388e-06 
3.028388e-06 
3.028388e-06 
3.028388e-06 
3.028388e-06 
3.028388e-06 
3.028388e-06 
3.028388e-06 
3.028388e-06 
3.028388e-06 
3.028388e-06 
3.028388e-06 
3.028388e-06 
3.028388e-06 
3.028388e-06 
3.028388e-06 
3.028388e-06 
3.028388e-06 
3.028388e-06 
3.028388e-06 
3.028388e-06 
3.028388e-06 
3.028388e-06 
3.028388e-06 
3.028388e-06 
3.028388e-06 
3.028388e-06 
3.028388e-06 
3.028388e-06 
3.028388e-06 
3.028388e-06 
3.028388e-06 
3.028388e-06 
3.028388e-06 
3.028388e-06 
3.028388e-06 
3.028388e-06 
3.028388e-06 
3.028388e-06 
3.028388e-06 
3.028388e-06 
3.028388e-06 
3.028388e-06 
3.028388e-06 
3.028388e-06 
3.028388e-06 
3.028388e-06 
3.028388e-06 
3.028388e-06 
3.028388e-06 
3.028388e-06 
3.028388e-06 
3.028388e-06 
3.028388e-06 
3.028388e-06 
3.028388e-06 
3.028388e-06 
3.028388e-06 
3.028388e-06 
3.028388e-06 
3.028388e-06 
3.028388e-06 
3.028388e-06 
3.028388e-06 
3.028388e-06 
3.028388e-06 
3.028388e-06 
3.028388e-06 
3.028388e-06 
3.028388e-06 
3.028388e-06 
3.028388e-06 
3.028388e-06 
3.028388e-06 
3.028388e-06 
3.028388e-06 
3.028388e-06 
3.028388e-06 
3.028388e-06 
3.028388e-06 
3.028388e-06 
3.028388e-06 
3.028388e-06 
3.028388e-06 
3.028388e-06 
3.028388e-06 
3.028388e-06 
3.028388e-06 
3.028388e-06 
3.028388e-06 
3.028388e-06 
3.028388e-06 
3.028388e-06 
3.028388e-06 
3.028388e-06 
3.028388e-06 
3.028388e-06 
3.028388e-06 
3.028388e-06 
3.028388e-06 
3.028388e-06 
3.028388e-06 
3.028388e-06 
3.028388e-06 
3.028388e-06 
3.028388e-06 
3.028388e-06 
3.028388e-06 
3.028388e-06 
3.028388e-06 
3.028388e-06 
3.028388e-06 
3.028388e-06 
3.028388e-06 
3.028388e-06 
3.028388e-06 
3.028388e-06 
3.028388e-06 
3.028388e-06 
3.028388e-06 
3.028388e-06 
3.028388e-06 
3.028388e-06 
3.028388e-06 
3.028388e-06 
3.028388e-06 
3.028388e-06 
3.028388e-06 
3.028388e-06 
3.028388e-06 
3.028388e-06 
3.028388e-06 
3.028388e-06 
3.028388e-06 
3.028388e-06 
3.028388e-06 
3.028388e-06 
3.028388e-06 
3.028388e-06 
3.028388e-06 
3.028388e-06 
3.028388e-06 
3.028388e-06 
3.028388e-06 
3.028388e-06 
3.028388e-06 
3.028388e-06 
3.028388e-06 
3.028388e-06 
3.028388e-06 
3.028388e-06 
3.028388e-06 
3.028388e-06 
3.028388e-06 
3.028388e-06 
3.028388e-06 
3.028388e-06 
3.028388e-06 
3.028388e-06 
3.028388e-06 
3.028388e-06 
3.028388e-06 
3.028388e-06 
3.028388e-06 
3.028388e-06 
3.028388e-06 
3.028388e-06 
3.037694e-06 
3.082229e-06 
3.129028e-06 
3.178238e-06 
3.230017e-06 
3.284538e-06 
3.341987e-06 
3.402565e-06 
3.466493e-06 
3.534009e-06 
3.605371e-06 
3.680864e-06 
3.760794e-06 
3.845501e-06 
3.935353e-06 
4.030755e-06 
4.132153e-06 
4.240036e-06 
4.354942e-06 
4.477468e-06 
4.608274e-06 
4.748089e-06 
4.897727e-06 
5.058091e-06 
5.230190e-06 
5.415151e-06 
5.614236e-06 
5.828864e-06 
6.060633e-06 
6.311345e-06 
6.583046e-06 
6.878055e-06 
7.199018e-06 
7.548954e-06 
7.931328e-06 
8.350125e-06 
8.809939e-06 
9.316096e-06 
9.874778e-06 
1.049319e-05 
1.117977e-05 
1.194441e-05 
1.279872e-05 
1.375642e-05 
1.483368e-05 
1.604957e-05 
1.742656e-05 
1.899096e-05 
2.077334e-05 
2.280871e-05 
2.513619e-05 
2.779796e-05 
3.083700e-05 
3.429309e-05 
3.819735e-05 
4.256557e-05 
4.739237e-05 
5.264833e-05 
5.828206e-05 
6.422705e-05 
7.041112e-05 
7.676521e-05 
8.322937e-05 
8.975526e-05 
9.630579e-05 
1.028532e-04 
1.093763e-04 
1.158576e-04 
1.222807e-04 
1.286280e-04 
1.348786e-04 
1.410071e-04 
1.469817e-04 
1.527640e-04 
1.583084e-04 
1.635624e-04 
1.684673e-04 
1.729601e-04 
1.769751e-04 
1.804470e-04 
1.833146e-04 
1.838475e-04 
1.838475e-04 
1.838475e-04 
1.838475e-04 
1.838475e-04 
1.838475e-04 
1.838475e-04 
1.838475e-04 
1.838475e-04 
1.838475e-04 
1.838475e-04 
1.838475e-04 
1.838475e-04 
1.838475e-04 
1.838475e-04 
1.838475e-04 
1.838475e-04 
1.838475e-04 
1.838475e-04 
1.838475e-04 
1.838475e-04 
1.838475e-04 
1.838475e-04 
1.838475e-04 
1.838475e-04 
1.838475e-04 
1.838475e-04 
1.838475e-04 
1.838475e-04 
1.838475e-04 
1.838475e-04 
1.838475e-04 
1.838475e-04 
1.838475e-04 
1.838475e-04 
1.838475e-04 
1.838475e-04 
1.838475e-04 
1.838475e-04 
1.838475e-04 
1.838475e-04 
1.838475e-04 
1.838475e-04 
1.838475e-04 
1.838475e-04 
1.838475e-04 
1.838475e-04 
1.838475e-04 
1.838475e-04 
1.838475e-04 
1.838475e-04 
1.838475e-04 
1.838475e-04 
1.838475e-04 
1.838475e-04 
1.838475e-04 
1.838475e-04 
1.838475e-04 
1.838475e-04 
1.838475e-04 
1.838475e-04 
1.838475e-04 
1.838475e-04 
1.838475e-04 
1.838475e-04 
1.838475e-04 
1.838475e-04 
1.838475e-04 
1.838475e-04 
1.838475e-04 
1.838475e-04 
1.838475e-04 
1.838475e-04 
1.838475e-04 
1.838475e-04 
1.838475e-04 
1.838475e-04 
1.838475e-04 
1.838475e-04 
1.838475e-04 
1.838475e-04 
1.838475e-04 
1.838475e-04 
1.838475e-04 
1.838475e-04 
1.838475e-04 
1.838475e-04 
1.838475e-04 
1.838475e-04 
1.838475e-04 
1.838475e-04 
1.838475e-04 
1.838475e-04 
1.838475e-04 
1.838475e-04 
1.838475e-04 
1.838475e-04 
1.838475e-04 
1.838475e-04 
1.838475e-04 
1.838475e-04 
1.838475e-04 
1.838475e-04 
1.838475e-04 
1.838475e-04 
1.838475e-04 
1.838475e-04 
1.838475e-04 
1.838475e-04 
1.838475e-04 
1.838475e-04 
1.838475e-04 
1.838475e-04 
1.838475e-04 
1.838475e-04 
1.838475e-04 
1.838475e-04 
1.838475e-04 
1.838475e-04 
1.838475e-04 
1.838475e-04 
1.838475e-04 
1.838475e-04 
1.838475e-04 
1.838475e-04 
1.838475e-04 
1.838475e-04 
1.838475e-04 
1.838475e-04 
1.838475e-04 
1.838475e-04 
1.838475e-04 
1.838475e-04 
1.838475e-04 
1.838475e-04 
1.838475e-04 
1.838475e-04 
1.838475e-04 
1.838475e-04 
1.838475e-04 
1.838475e-04 
1.838475e-04 
1.838475e-04 
1.838475e-04 
1.838475e-04 
1.838475e-04 
1.838475e-04 
1.838475e-04 
1.838475e-04 
1.838475e-04 
1.838475e-04 
1.838475e-04 
1.838475e-04 
1.838475e-04 
1.838475e-04 
1.838475e-04 
1.838475e-04 
1.838475e-04 
1.838475e-04 
1.838475e-04 
1.838475e-04 
1.838475e-04 
1.838475e-04 
1.838475e-04 
1.838475e-04 
1.838475e-04 
1.838475e-04 
1.838475e-04 
1.838475e-04 
1.854985e-04 
1.934545e-04 
2.019127e-04 
2.109130e-04 
2.204993e-04 
2.307195e-04 
2.416261e-04 
2.532771e-04 
2.657360e-04 
2.790730e-04 
2.933657e-04 
3.087002e-04 
3.251722e-04 
3.428884e-04 
3.619679e-04 
3.825434e-04 
4.047625e-04 
4.287896e-04 
4.548078e-04 
4.830227e-04 
5.136652e-04 
5.469960e-04 
5.833107e-04 
6.229432e-04 
6.662719e-04 
7.137250e-04 
7.657877e-04 
8.230120e-04 
8.860283e-04 
9.555589e-04 
1.032433e-03 
1.117609e-03 
1.212192e-03 
1.317466e-03 
1.434924e-03 
1.566308e-03 
1.713661e-03 
1.879387e-03 
2.066320e-03 
2.277826e-03 
2.517911e-03 
2.791371e-03 
3.103970e-03 
3.462679e-03 
3.875971e-03 
4.354208e-03 
4.910139e-03 
5.559557e-03 
6.322170e-03 
7.222752e-03 
8.292708e-03 
9.572192e-03 
1.111303e-02 
1.298278e-02 
1.527043e-02 
1.809450e-02 
2.161462e-02 
2.604821e-02 
3.169447e-02 
3.896833e-02 
4.844679e-02 
6.092612e-02 
7.747508e-02 
9.943558e-02 
1.282646e-01 
1.650922e-01 
2.100711e-01 
2.620144e-01 
3.187946e-01 
3.781837e-01 
4.384308e-01 
4.983753e-01 
5.573108e-01 
6.148028e-01 
6.705378e-01 
7.242102e-01 
7.754366e-01 
8.236883e-01 
8.682440e-01 
9.081705e-01 
9.423471e-01 
9.488357e-01 
9.488357e-01 
9.488357e-01 
9.488357e-01 
9.488357e-01 
9.488357e-01 
9.488357e-01 
9.488357e-01 
9.488357e-01 
9.488357e-01 
9.488357e-01 
9.488357e-01 
9.488357e-01 
9.488357e-01 
9.488357e-01 
9.488357e-01 
9.488357e-01 
9.488357e-01 
9.488357e-01 
9.488357e-01 
9.488357e-01 
9.488357e-01 
9.488357e-01 
9.488357e-01 
9.488357e-01 
9.488357e-01 
9.488357e-01 
9.488357e-01 
9.488357e-01 
9.488357e-01 
9.488357e-01 
9.488357e-01 
9.488357e-01 
9.488357e-01 
9.488357e-01 
9.488357e-01 
9.488357e-01 
9.488357e-01 
9.488357e-01 
9.488357e-01 
9.488357e-01 
9.488357e-01 
9.488357e-01 
9.488357e-01 
9.488357e-01 
9.488357e-01 
9.488357e-01 
9.488357e-01 
9.488357e-01 
9.488357e-01 
9.488357e-01 
9.488357e-01 
9.488357e-01 
9.488357e-01 
9.488357e-01 
9.488357e-01 
9.488357e-01 
9.488357e-01 
9.488357e-01 
9.488357e-01 
9.488357e-01 
9.488357e-01 
9.488357e-01 
9.488357e-01 
9.488357e-01 
9.488357e-01 
9.488357e-01 
9.488357e-01 
9.488357e-01 
9.488357e-01 
9.488357e-01 
9.488357e-01 
9.488357e-01 
9.488357e-01 
9.488357e-01 
9.488357e-01 
9.488357e-01 
9.488357e-01 
9.488357e-01 
9.488357e-01 
9.488357e-01 
9.488357e-01 
9.488357e-01 
9.488357e-01 
9.488357e-01 
9.488357e-01 
9.488357e-01 
9.488357e-01 
9.488357e-01 
9.488357e-01 
9.488357e-01 
9.488357e-01 
9.488357e-01 
9.488357e-01 
9.488357e-01 
9.488357e-01 
9.488357e-01 
9.488357e-01 
9.488357e-01 
9.488357e-01 
9.488357e-01 
9.488357e-01 
9.488357e-01 
9.488357e-01 
9.488357e-01 
9.488357e-01 
9.488357e-01 
9.488357e-01 
9.488357e-01 
9.488357e-01 
9.488357e-01 
9.488357e-01 
9.488357e-01 
9.488357e-01 
9.488357e-01 
9.488357e-01 
9.488357e-01 
9.488357e-01 
9.488357e-01 
9.488357e-01 
9.488357e-01 
9.488357e-01 
9.488357e-01 
9.488357e-01 
9.488357e-01 
9.488357e-01 
9.488357e-01 
9.488357e-01 
9.488357e-01 
9.488357e-01 
9.488357e-01 
9.488357e-01 
9.488357e-01 
9.488357e-01 
9.488357e-01 
9.488357e-01 
9.488357e-01 
9.488357e-01 
9.488357e-01 
9.488357e-01 
9.488357e-01 
9.488357e-01 
9.488357e-01 
9.488357e-01 
9.488357e-01 
9.488357e-01 
9.488357e-01 
9.488357e-01 
9.488357e-01 
9.488357e-01 
9.488357e-01 
9.488357e-01 
9.488357e-01 
9.488357e-01 
9.488357e-01 
9.488357e-01 
9.488357e-01 
9.488357e-01 
9.488357e-01 
9.488357e-01 
9.488357e-01 
9.488357e-01 
9.488357e-01 
9.488357e-01 
9.488357e-01 
9.488357e-01 
9.488357e-01 
9.488357e-01 
9.488357e-01 
9.488357e-01 
9.488356e-01 
9.488355e-01 
9.488354e-01 
9.488353e-01 
9.488352e-01 
9.488350e-01 
9.488348e-01 
9.488347e-01 
9.488344e-01 
9.488342e-01 
9.488340e-01 
9.488337e-01 
9.488334e-01 
9.488331e-01 
9.488328e-01 
9.488324e-01 
9.488320e-01 
9.488316e-01 
9.488312e-01 
9.488307e-01 
9.488302e-01 
9.488297e-01 
9.488292e-01 
9.488287e-01 
9.488283e-01 
9.488279e-01 
9.488275e-01 
9.488272e-01 
9.488268e-01 
9.488266e-01 
9.488263e-01 
9.488261e-01 
9.488258e-01 
9.488256e-01 
9.488254e-01 
9.488253e-01 
9.488251e-01 
9.488249e-01 
9.488248e-01 
9.488246e-01 
9.488245e-01 
9.488244e-01 
9.488242e-01 
9.488241e-01 
9.488240e-01 
9.488239e-01 
9.488238e-01 
9.488237e-01 
9.488236e-01 
9.488235e-01 
9.488234e-01 
9.488233e-01 
9.488232e-01 
9.488231e-01 
9.488230e-01 
9.488230e-01 
9.488229e-01 
9.488228e-01 
9.488227e-01 
9.488227e-01 
9.488226e-01 
9.488225e-01 
9.488225e-01 
9.488224e-01 
9.488224e-01 
9.488223e-01 
9.488222e-01 
9.488222e-01 
9.488221e-01 
9.488221e-01 
9.488220e-01 
9.488220e-01 
9.488219e-01 
9.488219e-01 
9.488218e-01 
9.488218e-01 
9.488218e-01 
9.488217e-01 
9.488217e-01 
9.488216e-01 
9.488216e-01 
9.488216e-01 
9.488216e-01 
9.488216e-01 
9.488216e-01 
9.488216e-01 
9.488216e-01 
9.488216e-01 
9.488216e-01 
9.488216e-01 
9.488216e-01 
9.488216e-01 
9.488216e-01 
9.488216e-01 
9.488216e-01 
9.488216e-01 
9.488216e-01 
9.488216e-01 
9.488216e-01 
9.488216e-01 
9.488216e-01 
9.488216e-01 
9.488216e-01 
9.488216e-01 
9.488216e-01 
9.488216e-01 
9.488216e-01 
9.488216e-01 
9.488216e-01 
9.488216e-01 
9.488216e-01 
9.488216e-01 
9.488216e-01 
9.488216e-01 
9.488216e-01 
9.488216e-01 
9.488216e-01 
9.488216e-01 
9.488216e-01 
9.488216e-01 
9.488216e-01 
9.488216e-01 
9.488216e-01 
9.488216e-01 
9.488216e-01 
9.488216e-01 
9.488216e-01 
9.488216e-01 
9.488216e-01 
9.488216e-01 
9.488216e-01 
9.488216e-01 
9.488216e-01 
9.488216e-01 
9.488216e-01 
9.488216e-01 
9.488216e-01 
9.488216e-01 
9.488216e-01 
9.488216e-01 
9.488216e-01 
9.488216e-01 
9.488216e-01 
9.488216e-01 
9.488216e-01 
9.488216e-01 
9.488216e-01 
9.488216e-01 
9.488216e-01 
9.488216e-01 
9.488216e-01 
9.488216e-01 
9.488216e-01 
9.488216e-01 
9.488216e-01 
9.488216e-01 
9.488216e-01 
9.488216e-01 
9.488216e-01 
9.488216e-01 
9.488216e-01 
9.488216e-01 
9.488216e-01 
9.488216e-01 
9.488216e-01 
9.488216e-01 
9.488216e-01 
9.488216e-01 
9.488216e-01 
9.488216e-01 
9.488216e-01 
9.488216e-01 
9.488216e-01 
9.488216e-01 
9.488216e-01 
9.488216e-01 
9.488216e-01 
9.488216e-01 
9.488216e-01 
9.488216e-01 
9.488216e-01 
9.488216e-01 
9.488216e-01 
9.488216e-01 
9.488216e-01 
9.488216e-01 
9.488216e-01 
9.488216e-01 
9.488216e-01 
9.488216e-01 
9.488216e-01 
9.488216e-01 
9.488216e-01 
9.488216e-01 
9.488216e-01 
9.488216e-01 
9.488216e-01 
9.488216e-01 
9.488216e-01 
9.488216e-01 
9.488216e-01 
9.488216e-01 
9.488216e-01 
9.488216e-01 
9.488216e-01 
9.488216e-01 
9.488216e-01 
9.488216e-01 
9.488216e-01 
9.488216e-01 
9.488216e-01 
9.488216e-01 
9.488216e-01 
9.488216e-01 
9.488216e-01 
9.488216e-01 
9.488216e-01 
9.488216e-01 
9.488216e-01 
9.488216e-01 
9.488216e-01 
9.488216e-01 
9.488216e-01 
9.488216e-01 
9.488216e-01 
9.488216e-01 
9.488216e-01 
9.488216e-01 
9.488216e-01 
9.488216e-01 
9.488216e-01 
9.488216e-01 
9.488216e-01 
9.488216e-01 
9.488216e-01 
9.488216e-01 
9.488216e-01 
9.488216e-01 
9.488216e-01 
9.488216e-01 
9.488216e-01 
9.488216e-01 
9.488216e-01 
9.488216e-01 
9.488216e-01 
9.488216e-01 
9.488216e-01 
9.488216e-01 
9.488216e-01 
9.423296e-01 
9.081291e-01 
8.681608e-01 
8.235264e-01 
7.751100e-01 
7.235237e-01 
6.690816e-01 
6.117750e-01 
5.512163e-01 
4.864942e-01 
4.158043e-01 
3.353832e-01 
2.352834e-01 
6.888643e-02 
1.838945e-04 
-1.127462e-05 
-6.663171e-06 
-4.484577e-06 
-3.250865e-06 
-2.475397e-06 
-1.953330e-06 
-1.584225e-06 
-1.313464e-06 
-1.109028e-06 
-9.510414e-07 
-8.265944e-07 
-7.269914e-07 
-6.461942e-07 
-5.799015e-07 
-5.249821e-07 
-4.791136e-07 
-4.405453e-07 
-4.079389e-07 
-3.802584e-07 
-3.566940e-07 
-3.366069e-07 
-3.194898e-07 
-3.049376e-07 
-2.926264e-07 
-2.822971e-07 
-2.737434e-07 
-2.668028e-07 
-2.613499e-07 
-2.572914e-07 
-2.545627e-07 
-2.531256e-07 
-2.529671e-07 
-2.540991e-07 
-2.565594e-07 
-2.604137e-07 
-2.657582e-07 
-2.727246e-07 
-2.814857e-07 
-2.922638e-07 
-3.053415e-07 
-3.210754e-07 
-3.399147e-07 
-3.624284e-07 
-3.893564e-07 
-4.218509e-07 
-4.660850e-07 
-1.169012e-06 
-1.852924e-06 
-2.097720e-06 
-2.290190e-06 
-2.453859e-06 
-2.600079e-06 
-2.733492e-06 
-2.854557e-06 
-2.961669e-06 
-3.052826e-06 
-3.126604e-06 
-3.182445e-06 
-3.220509e-06 
-3.241387e-06 
-3.245841e-06 
-3.234623e-06 
-3.208391e-06 
-3.167691e-06 
-3.112997e-06 
-3.044789e-06 
-3.028388e-06 
-3.028388e-06 
-3.028388e-06 
-3.028388e-06 
-3.028388e-06 
-3.028388e-06 
-3.028388e-06 
-3.028388e-06 
-3.028388e-06 
-3.028388e-06 
-3.028388e-06 
-3.028388e-06 
-3.028388e-06 
-3.028388e-06 
-3.028388e-06 
-3.028388e-06 
-3.028388e-06 
-3.028388e-06 
-3.028388e-06 
-3.028388e-06 
-3.028388e-06 
-3.028388e-06 
-3.028388e-06 
-3.028388e-06 
-3.028388e-06 
-3.028388e-06 
-3.028388e-06 
-3.028388e-06 
-3.028388e-06 
-3.028388e-06 
-3.028388e-06 
-3.028388e-06 
-3.028388e-06 
-3.028388e-06 
-3.028388e-06 
-3.028388e-06 
-3.028388e-06 
-3.028388e-06 
-3.028388e-06 
-3.028388e-06 
-3.028388e-06 
-3.028388e-06 
-3.028388e-06 
-3.028388e-06 
-3.028388e-06 
-3.028388e-06 
-3.028388e-06 
-3.028388e-06 
-3.028388e-06 
-3.028388e-06 
-3.028388e-06 
-3.028388e-06 
-3.028388e-06 
-3.028388e-06 
-3.028388e-06 
-3.028388e-06 
-3.028388e-06 
-3.028388e-06 
-3.028388e-06 
-3.028388e-06 
-3.028388e-06 
-3.028388e-06 
-3.028388e-06 
-3.028388e-06 
-3.028388e-06 
-3.028388e-06 
-3.028388e-06 
-3.028388e-06 
-3.028388e-06 
-3.028388e-06 
-3.028388e-06 
-3.028388e-06 
-3.028388e-06 
-3.028388e-06 
-3.028388e-06 
-3.028388e-06 
-3.028388e-06 
-3.028388e-06 
-3.028388e-06 
-3.028388e-06 
-3.028388e-06 
-3.028388e-06 
-3.028388e-06 
-3.028388e-06 
-3.028388e-06 
-3.028388e-06 
-3.028388e-06 
-3.028388e-06 
-3.028388e-06 
-3.028388e-06 
-3.028388e-06 
-3.028388e-06 
-3.028388e-06 
-3.028388e-06 
-3.028388e-06 
-3.028388e-06 
-3.028388e-06 
-3.028388e-06 
-3.028388e-06 
-3.028388e-06 
-3.028388e-06 
-3.028388e-06 
-3.028388e-06 
-3.028388e-06 
-3.028388e-06 
-3.028388e-06 
-3.028388e-06 
-3.028388e-06 
-3.028388e-06 
-3.028388e-06 
-3.028388e-06 
-3.028388e-06 
-3.028388e-06 
-3.028388e-06 
-3.028388e-06 
-3.028388e-06 
-3.028388e-06 
-3.028388e-06 
-3.028388e-06 
-3.028388e-06 
-3.028388e-06 
-3.028388e-06 
-3.028388e-06 
-3.028388e-06 
-3.028388e-06 
-3.028388e-06 
-3.028388e-06 
-3.028388e-06 
-3.028388e-06 
-3.028388e-06 
-3.028388e-06 
-3.028388e-06 
-3.028388e-06 
-3.028388e-06 
-3.028388e-06 
-3.028388e-06 
-3.028388e-06 
-3.028388e-06 
-3.028388e-06 
-3.028388e-06 
-3.028388e-06 
-3.028388e-06 
-3.028388e-06 
-3.028388e-06 
-3.028388e-06 
-3.028388e-06 
-3.028388e-06 
-3.028388e-06 
-3.028388e-06 
-3.028388e-06 
-3.028388e-06 
-3.028388e-06 
-3.028388e-06 
-3.028388e-06 
-3.028388e-06 
-3.028388e-06 
-3.028388e-06 
-3.028388e-06 
-3.028388e-06 
-3.028388e-06 
-3.028388e-06 
-3.028388e-06 
-3.028388e-06 
-3.028388e-06 
-3.028388e-06 
-3.028388e-06 
-3.028388e-06 
-3.028388e-06 
-3.028388e-06 
-3.037694e-06 
-3.082229e-06 
-3.129028e-06 
-3.178238e-06 
-3.230017e-06 
-3.284538e-06 
-3.341987e-06 
-3.402565e-06 
-3.466493e-06 
-3.534009e-06 
-3.605371e-06 
-3.680864e-06 
-3.760794e-06 
-3.845501e-06 
-3.935353e-06 
-4.030755e-06 
-4.132153e-06 
-4.240036e-06 
-4.354942e-06 
-4.477468e-06 
-4.608274e-06 
-4.748089e-06 
-4.897727e-06 
-5.058091e-06 
-5.230190e-06 
-5.415151e-06 
-5.614236e-06 
-5.828864e-06 
-6.060633e-06 
-6.311345e-06 
-6.583046e-06 
-6.878055e-06 
-7.199018e-06 
-7.548954e-06 
-7.931328e-06 
-8.350125e-06 
-8.809939e-06 
-9.316096e-06 
-9.874778e-06 
-1.049319e-05 
-1.117977e-05 
-1.194441e-05 
-1.279872e-05 
-1.375642e-05 
-1.483368e-05 
-1.604957e-05 
-1.742656e-05 
-1.899096e-05 
-2.077334e-05 
-2.280871e-05 
-2.513619e-05 
-2.779796e-05 
-3.083700e-05 
-3.429309e-05 
-3.819735e-05 
-4.256557e-05 
-4.739237e-05 
-5.264833e-05 
-5.828206e-05 
-6.422705e-05 
-7.041112e-05 
-7.676521e-05 
-8.322937e-05 
-8.975526e-05 
-9.630579e-05 
-1.028532e-04 
-1.093763e-04 
-1.158576e-04 
-1.222807e-04 
-1.286280e-04 
-1.348786e-04 
-1.410071e-04 
-1.469817e-04 
-1.527640e-04 
-1.583084e-04 
-1.635624e-04 
-1.684673e-04 
-1.729601e-04 
-1.769751e-04 
-1.804470e-04 
-1.833146e-04 
-1.838475e-04 
-1.838475e-04 
-1.838475e-04 
-1.838475e-04 
-1.838475e-04 
-1.838475e-04 
-1.838475e-04 
-1.838475e-04 
-1.838475e-04 
-1.838475e-04 
-1.838475e-04 
-1.838475e-04 
-1.838475e-04 
-1.838475e-04 
-1.838475e-04 
-1.838475e-04 
-1.838475e-04 
-1.838475e-04 
-1.838475e-04 
-1.838475e-04 
-1.838475e-04 
-1.838475e-04 
-1.838475e-04 
-1.838475e-04 
-1.838475e-04 
-1.838475e-04 
-1.838475e-04 
-1.838475e-04 
-1.838475e-04 
-1.838475e-04 
-1.838475e-04 
-1.838475e-04 
-1.838475e-04 
-1.838475e-04 
-1.838475e-04 
-1.838475e-04 
-1.838475e-04 
-1.838475e-04 
-1.838475e-04 
-1.838475e-04 
-1.838475e-04 
-1.838475e-04 
-1.838475e-04 
-1.838475e-04 
-1.838475e-04 
-1.838475e-04 
-1.838475e-04 
-1.838475e-04 
-1.838475e-04 
-1.838475e-04 
-1.838475e-04 
-1.838475e-04 
-1.838475e-04 
-1.838475e-04 
-1.838475e-04 
-1.838475e-04 
-1.838475e-04 
-1.838475e-04 
-1.838475e-04 
-1.838475e-04 
-1.838475e-04 
-1.838475e-04 
-1.838475e-04 
-1.838475e-04 
-1.838475e-04 
-1.838475e-04 
-1.838475e-04 
-1.838475e-04 
-1.838475e-04 
-1.838475e-04 
-1.838475e-04 
-1.838475e-04 
-1.838475e-04 
-1.838475e-04 
-1.838475e-04 
-1.838475e-04 
-1.838475e-04 
-1.838475e-04 
-1.838475e-04 
-1.838475e-04 
-1.838475e-04 
-1.838475e-04 
-1.838475e-04 
-1.838475e-04 
-1.838475e-04 
-1.838475e-04 
-1.838475e-04 
-1.838475e-04 
-1.838475e-04 
-1.838475e-04 
-1.838475e-04 
-1.838475e-04 
-1.838475e-04 
-1.838475e-04 
-1.838475e-04 
-1.838475e-04 
-1.838475e-04 
-1.838475e-04 
-1.838475e-04 
-1.838475e-04 
-1.838475e-04 
-1.838475e-04 
-1.838475e-04 
-1.838475e-04 
-1.838475e-04 
-1.838475e-04 
-1.838475e-04 
-1.838475e-04 
-1.838475e-04 
-1.838475e-04 
-1.838475e-04 
-1.838475e-04 
-1.838475e-04 
-1.838475e-04 
-1.838475e-04 
-1.838475e-04 
-1.838475e-04 
-1.838475e-04 
-1.838475e-04 
-1.838475e-04 
-1.838475e-04 
-1.838475e-04 
-1.838475e-04 
-1.838475e-04 
-1.838475e-04 
-1.838475e-04 
-1.838475e-04 
-1.838475e-04 
-1.838475e-04 
-1.838475e-04 
-1.838475e-04 
-1.838475e-04 
-1.838475e-04 
-1.838475e-04 
-1.838475e-04 
-1.838475e-04 
-1.838475e-04 
-1.838475e-04 
-1.838475e-04 
-1.838475e-04 
-1.838475e-04 
-1.838475e-04 
-1.838475e-04 
-1.838475e-04 
-1.838475e-04 
-1.838475e-04 
-1.838475e-04 
-1.838475e-04 
-1.838475e-04 
-1.838475e-04 
-1.838475e-04 
-1.838475e-04 
-1.838475e-04 
-1.838475e-04 
-1.838475e-04 
-1.838475e-04 
-1.838475e-04 
-1.838475e-04 
-1.838475e-04 
-1.838475e-04 
-1.838475e-04 
-1.838475e-04 
-1.838475e-04 
-1.838475e-04 
-1.838475e-04 
-1.838475e-04 
-1.838475e-04 
-1.838475e-04 
-1.838475e-04 
-1.854985e-04 
-1.934545e-04 
-2.019127e-04 
-2.109130e-04 
-2.204993e-04 
-2.307195e-04 
-2.416261e-04 
-2.532771e-04 
-2.657360e-04 
-2.790730e-04 
-2.933657e-04 
-3.087002e-04 
-3.251722e-04 
-3.428884e-04 
-3.619679e-04 
-3.825434e-04 
-4.047625e-04 
-4.287896e-04 
-4.548078e-04 
-4.830227e-04 
-5.136652e-04 
-5.469960e-04 
-5.833107e-04 
-6.229432e-04 
-6.662719e-04 
-7.137250e-04 
-7.657877e-04 
-8.230120e-04 
-8.860283e-04 
-9.555589e-04 
-1.032433e-03 
-1.117609e-03 
-1.212192e-03 
-1.317466e-03 
-1.434924e-03 
-1.566308e-03 
-1.713661e-03 
-1.879387e-03 
-2.066320e-03 
-2.277826e-03 
-2.517911e-03 
-2.791371e-03 
-3.103970e-03 
-3.462679e-03 
-3.875971e-03 
-4.354208e-03 
-4.910139e-03 
-5.559557e-03 
-6.322170e-03 
-7.222752e-03 
-8.292708e-03 
-9.572192e-03 
-1.111303e-02 
-1.298278e-02 
-1.527043e-02 
-1.809450e-02 
-2.161462e-02 
-2.604821e-02 
-3.169447e-02 
-3.896833e-02 
-4.844679e-02 
-6.092612e-02 
-7.747508e-02 
-9.943558e-02 
-1.282646e-01 
-1.650922e-01 
-2.100711e-01 
-2.620144e-01 
-3.187946e-01 
-3.781837e-01 
-4.384308e-01 
-4.983753e-01 
-5.573108e-01 
-6.148028e-01 
-6.705378e-01 
-7.242102e-01 
-7.754366e-01 
-8.236883e-01 
-8.682440e-01 
-9.081705e-01 
-9.423471e-01 
-9.488357e-01 
-9.488357e-01 
-9.488357e-01 
-9.488357e-01 
-9.488357e-01 
-9.488357e-01 
-9.488357e-01 
-9.488357e-01 
-9.488357e-01 
-9.488357e-01 
-9.488357e-01 
-9.488357e-01 
-9.488357e-01 
-9.488357e-01 
-9.488357e-01 
-9.488357e-01 
-9.488357e-01 
-9.488357e-01 
-9.488357e-01 
-9.488357e-01 
-9.488357e-01 
-9.488357e-01 
-9.488357e-01 
-9.488357e-01 
-9.488357e-01 
-9.488357e-01 
-9.488357e-01 
-9.488357e-01 
-9.488357e-01 
-9.488357e-01 
-9.488357e-01 
-9.488357e-01 
-9.488357e-01 
-9.488357e-01 
-9.488357e-01 
-9.488357e-01 
-9.488357e-01 
-9.488357e-01 
-9.488357e-01 
-9.488357e-01 
-9.488357e-01 
-9.488357e-01 
-9.488357e-01 
-9.488357e-01 
-9.488357e-01 
-9.488357e-01 
-9.488357e-01 
-9.488357e-01 
-9.488357e-01 
-9.488357e-01 
-9.488357e-01 
-9.488357e-01 
-9.488357e-01 
-9.488357e-01 
-9.488357e-01 
-9.488357e-01 
-9.488357e-01 
-9.488357e-01 
-9.488357e-01 
-9.488357e-01 
-9.488357e-01 
-9.488357e-01 
-9.488357e-01 
-9.488357e-01 
-9.488357e-01 
-9.488357e-01 
-9.488357e-01 
-9.488357e-01 
-9.488357e-01 
-9.488357e-01 
-9.488357e-01 
-9.488357e-01 
-9.488357e-01 
-9.488357e-01 
-9.488357e-01 
-9.488357e-01 
-9.488357e-01 
-9.488357e-01 
-9.488357e-01 
-9.488357e-01 
-9.488357e-01 
-9.488357e-01 
-9.488357e-01 
-9.488357e-01 
-9.488357e-01 
-9.488357e-01 
-9.488357e-01 
-9.488357e-01 
-9.488357e-01 
-9.488357e-01 
-9.488357e-01 
-9.488357e-01 
-9.488357e-01 
-9.488357e-01 
-9.488357e-01 
-9.488357e-01 
-9.488357e-01 
-9.488357e-01 
-9.488357e-01 
-9.488357e-01 
-9.488357e-01 
-9.488357e-01 
-9.488357e-01 
-9.488357e-01 
-9.488357e-01 
-9.488357e-01 
-9.488357e-01 
-9.488357e-01 
-9.488357e-01 
-9.488357e-01 
-9.488357e-01 
-9.488357e-01 
-9.488357e-01 
-9.488357e-01 
-9.488357e-01 
-9.488357e-01 
-9.488357e-01 
-9.488357e-01 
-9.488357e-01 
-9.488357e-01 
-9.488357e-01 
-9.488357e-01 
-9.488357e-01 
-9.488357e-01 
-9.488357e-01 
-9.488357e-01 
-9.488357e-01 
-9.488357e-01 
-9.488357e-01 
-9.488357e-01 
-9.488357e-01 
-9.488357e-01 
-9.488357e-01 
-9.488357e-01 
-9.488357e-01 
-9.488357e-01 
-9.488357e-01 
-9.488357e-01 
-9.488357e-01 
-9.488357e-01 
-9.488357e-01 
-9.488357e-01 
-9.488357e-01 
-9.488357e-01 
-9.488357e-01 
-9.488357e-01 
-9.488357e-01 
-9.488357e-01 
-9.488357e-01 
-9.488357e-01 
-9.488357e-01 
-9.488357e-01 
-9.488357e-01 
-9.488357e-01 
-9.488357e-01 
-9.488357e-01 
-9.488357e-01 
-9.488357e-01 
-9.488357e-01 
-9.488357e-01 
-9.488357e-01 
-9.488357e-01 
-9.488357e-01 
-9.488357e-01 
-9.488357e-01 
-9.488357e-01 
-9.488357e-01 
-9.488357e-01 
-9.488357e-01 
-9.488357e-01 
-9.488356e-01 
-9.488355e-01 
-9.488354e-01 
-9.488353e-01 
-9.488352e-01 
-9.488350e-01 
-9.488348e-01 
-9.488347e-01 
-9.488344e-01 
-9.488342e-01 
-9.488340e-01 
-9.488337e-01 
-9.488334e-01 
-9.488331e-01 
-9.488328e-01 
-9.488324e-01 
-9.488320e-01 
-9.488316e-01 
-9.488312e-01 
-9.488307e-01 
-9.488302e-01 
-9.488297e-01 
-9.488292e-01 
-9.488287e-01 
-9.488283e-01 
-9.488279e-01 
-9.488275e-01 
-9.488272e-01 
-9.488268e-01 
-9.488266e-01 
-9.488263e-01 
-9.488261e-01 
-9.488258e-01 
-9.488256e-01 
-9.488254e-01 
-9.488253e-01 
-9.488251e-01 
-9.488249e-01 
-9.488248e-01 
-9.488246e-01 
-9.488245e-01 
-9.488244e-01 
-9.488242e-01 
-9.488241e-01 
-9.488240e-01 
-9.488239e-01 
-9.488238e-01 
-9.488237e-01 
-9.488236e-01 
-9.488235e-01 
-9.488234e-01 
-9.488233e-01 
-9.488232e-01 
-9.488231e-01 
-9.488230e-01 
-9.488230e-01 
-9.488229e-01 
-9.488228e-01 
-9.488227e-01 
-9.488227e-01 
-9.488226e-01 
-9.488225e-01 
-9.488225e-01 
-9.488224e-01 
-9.488224e-01 
-9.488223e-01 
-9.488222e-01 
-9.488222e-01 
-9.488221e-01 
-9.488221e-01 
-9.488220e-01 
-9.488220e-01 
-9.488219e-01 
-9.488219e-01 
-9.488218e-01 
-9.488218e-01 
-9.488218e-01 
-9.488217e-01 
-9.488217e-01 
-9.488216e-01 
-9.488216e-01 
-9.488216e-01 
-9.488216e-01 
-9.488216e-01 
-9.488216e-01 
-9.488216e-01 
-9.488216e-01 
-9.488216e-01 
-9.488216e-01 
-9.488216e-01 
-9.488216e-01 
-9.488216e-01 
-9.488216e-01 
-9.488216e-01 
-9.488216e-01 
-9.488216e-01 
-9.488216e-01 
-9.488216e-01 
-9.488216e-01 
-9.488216e-01 
-9.488216e-01 
-9.488216e-01 
-9.488216e-01 
-9.488216e-01 
-9.488216e-01 
-9.488216e-01 
-9.488216e-01 
-9.488216e-01 
-9.488216e-01 
-9.488216e-01 
-9.488216e-01 
-9.488216e-01 
-9.488216e-01 
-9.488216e-01 
-9.488216e-01 
-9.488216e-01 
-9.488216e-01 
-9.488216e-01 
-9.488216e-01 
-9.488216e-01 
-9.488216e-01 
-9.488216e-01 
-9.488216e-01 
-9.488216e-01 
-9.488216e-01 
-9.488216e-01 
-9.488216e-01 
-9.488216e-01 
-9.488216e-01 
-9.488216e-01 
-9.488216e-01 
-9.488216e-01 
-9.488216e-01 
-9.488216e-01 
-9.488216e-01 
-9.488216e-01 
-9.488216e-01 
-9.488216e-01 
-9.488216e-01 
-9.488216e-01 
-9.488216e-01 
-9.488216e-01 
-9.488216e-01 
-9.488216e-01 
-9.488216e-01 
-9.488216e-01 
-9.488216e-01 
-9.488216e-01 
-9.488216e-01 
-9.488216e-01 
-9.488216e-01 
-9.488216e-01 
-9.488216e-01 
-9.488216e-01 
-9.488216e-01 
-9.488216e-01 
-9.488216e-01 
-9.488216e-01 
-9.488216e-01 
-9.488216e-01 
-9.488216e-01 
-9.488216e-01 
-9.488216e-01 
-9.488216e-01 
-9.488216e-01 
-9.488216e-01 
-9.488216e-01 
-9.488216e-01 
-9.488216e-01 
-9.488216e-01 
-9.488216e-01 
-9.488216e-01 
-9.488216e-01 
-9.488216e-01 
-9.488216e-01 
-9.488216e-01 
-9.488216e-01 
-9.488216e-01 
-9.488216e-01 
-9.488216e-01 
-9.488216e-01 
-9.488216e-01 
-9.488216e-01 
-9.488216e-01 
-9.488216e-01 
-9.488216e-01 
-9.488216e-01 
-9.488216e-01 
-9.488216e-01 
-9.488216e-01 
-9.488216e-01 
-9.488216e-01 
-9.488216e-01 
-9.488216e-01 
-9.488216e-01 
-9.488216e-01 
-9.488216e-01 
-9.488216e-01 
-9.488216e-01 
-9.488216e-01 
-9.488216e-01 
-9.488216e-01 
-9.488216e-01 
-9.488216e-01 
-9.488216e-01 
-9.488216e-01 
-9.488216e-01 
-9.488216e-01 
-9.488216e-01 
-9.488216e-01 
-9.488216e-01 
-9.488216e-01 
-9.488216e-01 
-9.488216e-01 
-9.488216e-01 
-9.488216e-01 
-9.488216e-01 
-9.488216e-01 
-9.488216e-01 
-9.488216e-01 
-9.488216e-01 
-9.488216e-01 
-9.488216e-01 
-9.488216e-01 
-9.488216e-01 
-9.488216e-01 
-9.488216e-01 
-9.488216e-01 
-9.488216e-01 
-9.488216e-01 
-9.488216e-01 
-9.488216e-01 
-9.488216e-01 
-9.488216e-01 
-9.488216e-01 
-9.488216e-01 
-9.488216e-01 
-9.488216e-01 
-9.488216e-01 
-9.488216e-01 
-9.488216e-01 
-9.488216e-01 
-9.488216e-01 
-9.488216e-01 
-9.488216e-01 
-9.488216e-01 
-9.488216e-01 
-9.488216e-01 
-9.488216e-01 
-9.423296e-01 
-9.081291e-01 
-8.681608e-01 
-8.235264e-01 
-7.751100e-01 
-7.235237e-01 
-6.690816e-01 
-6.117750e-01 
-5.512163e-01 
-4.864942e-01 
-4.158043e-01 
-3.353832e-01 
-2.352834e-01 
-6.888643e-02 
-1.838945e-04 
1.127462e-05 
6.663171e-06 
4.484577e-06 
3.250865e-06 
2.475397e-06 
1.953330e-06 
1.584225e-06 
1.313464e-06 
1.109028e-06 
9.510414e-07 
8.265944e-07 
7.269914e-07 
6.461942e-07 
5.799015e-07 
5.249821e-07 
4.791136e-07 
4.405453e-07 
4.079389e-07 
3.802584e-07 
3.566940e-07 
3.366069e-07 
3.194898e-07 
3.049376e-07 
2.926264e-07 
2.822971e-07 
2.737434e-07 
2.668028e-07 
2.613499e-07 
2.572914e-07 
2.545627e-07 
2.531256e-07 
2.529671e-07 
2.540991e-07 
2.565594e-07 
2.604137e-07 
2.657582e-07 
2.727246e-07 
2.814857e-07 
2.922638e-07 
3.053415e-07 
3.210754e-07 
3.399147e-07 
3.624284e-07 
3.893564e-07 
4.218509e-07 
4.660850e-07 
1.169012e-06 
1.852924e-06 
2.097720e-06 
2.290190e-06 
2.453859e-06 
2.600079e-06 
2.733492e-06 
2.854557e-06 
2.961669e-06 
3.052826e-06 
3.126604e-06 
3.182445e-06 
3.220509e-06 
3.241387e-06 
3.245841e-06 
3.234623e-06 
3.208391e-06 
3.167691e-06 
3.112997e-06 
3.044789e-06 
3.028388e-06 
3.028388e-06 
3.028388e-06 
3.028388e-06 
3.028388e-06 
3.028388e-06 
3.028388e-06 
3.028388e-06 
3.028388e-06 
3.028388e-06 
3.028388e-06 
3.028388e-06 
3.028388e-06 
3.028388e-06 
3.028388e-06 
3.028388e-06 
3.028388e-06 
3.028388e-06 
3.028388e-06 
3.028388e-06 
3.028388e-06 
3.028388e-06 
3.028388e-06 
3.028388e-06 
3.028388e-06 
3.028388e-06 
3.028388e-06 
3.028388e-06 
3.028388e-06 
3.028388e-06 
3.028388e-06 
3.028388e-06 
3.028388e-06 
3.028388e-06 
3.028388e-06 
3.028388e-06 
3.028388e-06 
3.028388e-06 
3.028388e-06 
3.028388e-06 
3.028388e-06 
3.028388e-06 
3.028388e-06 
3.028388e-06 
3.028388e-06 
3.028388e-06 
3.028388e-06 
3.028388e-06 
3.028388e-06 
3.028388e-06 
3.028388e-06 
3.028388e-06 
3.028388e-06 
3.028388e-06 
3.028388e-06 
3.028388e-06 
3.028388e-06 
3.028388e-06 
3.028388e-06 
3.028388e-06 
3.028388e-06 
3.028388e-06 
3.028388e-06 
3.028388e-06 
3.028388e-06 
3.028388e-06 
3.028388e-06 
3.028388e-06 
3.028388e-06 
3.028388e-06 
3.028388e-06 
3.028388e-06 
3.028388e-06 
3.028388e-06 
3.028388e-06 
3.028388e-06 
3.028388e-06 
3.028388e-06 
3.028388e-06 
3.028388e-06 
3.028388e-06 
3.028388e-06 
3.028388e-06 
3.028388e-06 
3.028388e-06 
3.028388e-06 
3.028388e-06 
3.028388e-06 
3.028388e-06 
3.028388e-06 
3.028388e-06 
3.028388e-06 
3.028388e-06 
3.028388e-06 
3.028388e-06 
3.028388e-06 
3.028388e-06 
3.028388e-06 
3.028388e-06 
3.028388e-06 
3.028388e-06 
3.028388e-06 
3.028388e-06 
3.028388e-06 
3.028388e-06 
3.028388e-06 
3.028388e-06 
3.028388e-06 
3.028388e-06 
3.028388e-06 
3.028388e-06 
3.028388e-06 
3.028388e-06 
3.028388e-06 
3.028388e-06 
3.028388e-06 
3.028388e-06 
3.028388e-06 
3.028388e-06 
3.028388e-06 
3.028388e-06 
3.028388e-06 
3.028388e-06 
3.028388e-06 
3.028388e-06 
3.028388e-06 
3.028388e-06 
3.028388e-06 
3.028388e-06 
3.028388e-06 
3.028388e-06 
3.028388e-06 
3.028388e-06 
3.028388e-06 
3.028388e-06 
3.028388e-06 
3.028388e-06 
3.028388e-06 
3.028388e-06 
3.028388e-06 
3.028388e-06 
3.028388e-06 
3.028388e-06 
3.028388e-06 
3.028388e-06 
3.028388e-06 
3.028388e-06 
3.028388e-06 
3.028388e-06 
3.028388e-06 
3.028388e-06 
3.028388e-06 
3.028388e-06 
3.028388e-06 
3.028388e-06 
3.028388e-06 
3.028388e-06 
3.028388e-06 
3.028388e-06 
3.028388e-06 
3.028388e-06 
3.028388e-06 
3.028388e-06 
3.028388e-06 
3.028388e-06 
3.028388e-06 
3.028388e-06 
3.028388e-06 
3.028388e-06 
3.037694e-06 
3.082229e-06 
3.129028e-06 
3.178238e-06 
3.230017e-06 
3.284538e-06 
3.341987e-06 
3.402565e-06 
3.466493e-06 
3.534009e-06 
3.605371e-06 
3.680864e-06 
3.760794e-06 
3.845501e-06 
3.935353e-06 
4.030755e-06 
4.132153e-06 
4.240036e-06 
4.354942e-06 
4.477468e-06 
4.608274e-06 
4.748089e-06 
4.897727e-06 
5.058091e-06 
5.230190e-06 
5.415151e-06 
5.614236e-06 
5.828864e-06 
6.060633e-06 
6.311345e-06 
6.583046e-06 
6.878055e-06 
7.199018e-06 
7.548954e-06 
7.931328e-06 
8.350125e-06 
8.809939e-06 
9.316096e-06 
9.874778e-06 
1.049319e-05
#[#TRACE_DATA]
#[#TRACE]
