#[TRACE]
#data_labels=Output
#[TRACE_DATA]
4.820867e-04 
9.363665e-01 
9.542477e-01 
9.542477e-01 
9.542477e-01 
9.542476e-01 
9.542367e-01 
9.542332e-01 
9.542331e-01 
9.542331e-01 
9.542331e-01 
5.810358e-01 
1.974669e-05 
2.666117e-06 
2.696238e-06 
2.696238e-06 
2.696238e-06 
3.368651e-06 
2.897421e-05 
5.227201e-04 
5.228935e-04 
5.228935e-04 
5.228935e-04 
1.307511e-03 
1.149256e-01 
9.542477e-01 
9.542477e-01 
9.542477e-01 
9.542477e-01 
9.542409e-01 
9.542338e-01 
9.542331e-01 
9.542331e-01 
9.542331e-01 
9.542331e-01 
2.104337e-03 
9.409031e-06 
1.601584e-05 
1.601583e-05 
1.601583e-05 
1.601629e-05 
2.026451e-05 
-3.884983e-04 
-4.696554e-04 
-4.696554e-04 
-4.696554e-04 
-5.711098e-04 
-9.913936e-03 
-9.542083e-01 
-9.542476e-01 
-9.542476e-01 
-9.542476e-01 
-9.542454e-01 
-9.542345e-01 
-9.542328e-01 
-9.542328e-01 
-9.542328e-01 
-9.542328e-01 
-1.425770e-01 
8.358064e-06 
1.601721e-05 
1.601583e-05 
1.601583e-05 
1.601583e-05 
1.787594e-05 
-7.979491e-06 
-4.696504e-04 
-4.696554e-04 
-4.696554e-04 
-4.696554e-04 
-2.447973e-03 
-7.661628e-01 
-9.542476e-01 
-9.542476e-01 
-9.542476e-01 
-9.542476e-01 
-9.542364e-01 
-9.542329e-01 
-9.542328e-01 
-9.542328e-01 
-9.542328e-01 
-7.910252e-01 
-1.629348e-05 
1.558804e-05 
1.601583e-05 
1.601583e-05 
1.601583e-05 
1.638258e-05 
2.186388e-05 
-4.672569e-04 
-4.696554e-04 
-4.696554e-04 
-4.696554e-04 
-9.425075e-04 
-4.538967e-02 
-9.542475e-01 
-9.542476e-01 
-9.542476e-01 
-9.542476e-01 
-9.542411e-01 
-9.542337e-01 
-9.542328e-01 
-9.542328e-01 
-9.542328e-01 
-9.542328e-01 
-9.042368e-03 
7.478762e-06 
1.601588e-05 
1.601583e-05 
1.601583e-05 
1.601583e-05 
1.944422e-05 
-2.488764e-04 
-4.696553e-04 
-4.696554e-04 
-4.696554e-04 
-4.909929e-04 
-6.060603e-03 
-9.536875e-01 
-9.542476e-01 
-9.542476e-01 
-9.542476e-01 
-9.542466e-01 
-9.542350e-01 
-9.542328e-01 
-9.542328e-01 
-9.542328e-01 
-9.542328e-01 
-3.067772e-01 
1.007573e-05 
1.601741e-05 
1.601583e-05 
1.601583e-05 
1.601583e-05 
1.733918e-05 
1.417827e-05 
-4.696209e-04 
-4.696554e-04 
-4.696554e-04 
-4.696554e-04 
-1.772311e-03 
-4.219532e-01 
-9.542476e-01 
-9.542476e-01 
-9.542476e-01 
-9.542476e-01 
-9.542373e-01 
-9.542331e-01 
-9.542328e-01 
-9.542328e-01 
-9.542328e-01 
-9.420749e-01 
-1.962488e-04 
1.401425e-05 
1.601583e-05 
1.601583e-05 
1.601583e-05 
1.612165e-05 
2.134066e-05 
-4.569610e-04 
-4.696554e-04 
-4.696554e-04 
-4.696554e-04 
-7.461390e-04 
-2.158392e-02 
-9.542464e-01 
-9.542476e-01 
-9.542476e-01 
-9.542476e-01 
-9.542431e-01 
-9.542340e-01 
-9.542328e-01 
-9.542328e-01 
-9.542328e-01 
-9.542328e-01 
-3.477133e-02 
2.958696e-06 
2.696352e-06 
2.696238e-06 
2.696238e-06 
2.696238e-06 
5.992029e-06 
2.480990e-04 
5.228934e-04 
5.228935e-04 
5.228935e-04 
5.228935e-04 
4.057931e-03 
9.462874e-01 
9.542477e-01 
9.542477e-01 
9.542477e-01 
9.542475e-01 
9.542365e-01 
9.542331e-01 
9.542331e-01 
9.542331e-01 
9.542331e-01 
5.149678e-01 
1.756982e-05 
1.599190e-05 
1.601583e-05 
1.601583e-05 
1.601583e-05 
1.687689e-05 
2.058077e-05 
-4.694276e-04 
-4.696554e-04 
-4.696554e-04 
-4.696554e-04 
-1.324367e-03 
-1.554158e-01 
-9.542476e-01 
-9.542476e-01 
-9.542476e-01 
-9.542476e-01 
-9.542386e-01 
-9.542334e-01 
-9.542328e-01 
-9.542328e-01 
-9.542328e-01 
-9.542328e-01 
-1.186668e-03 
2.002492e-07 
2.696241e-06 
2.696238e-06 
2.696238e-06 
2.699414e-06 
1.017720e-05 
4.925602e-04 
5.228935e-04 
5.228935e-04 
5.228935e-04 
6.722142e-04 
1.195322e-02 
9.542302e-01 
9.542477e-01 
9.542477e-01 
9.542477e-01 
9.542455e-01 
9.542350e-01 
9.542331e-01 
9.542331e-01 
9.542331e-01 
9.542331e-01 
1.073215e-01 
8.025223e-06 
1.601683e-05 
1.601583e-05 
1.601583e-05 
1.601583e-05 
1.805579e-05 
-2.129617e-05 
-4.696526e-04 
-4.696554e-04 
-4.696554e-04 
-4.696554e-04 
-2.720848e-03 
-8.452750e-01 
-9.542476e-01 
-9.542476e-01 
-9.542476e-01 
-9.542476e-01 
-9.542361e-01 
-9.542329e-01 
-9.542328e-01 
-9.542328e-01 
-9.542328e-01 
-7.294816e-01 
-2.146252e-06 
1.577318e-05 
1.601583e-05 
1.601583e-05 
1.601583e-05 
1.648564e-05 
2.186722e-05 
-4.682508e-04 
-4.696554e-04 
-4.696554e-04 
-4.696554e-04 
-1.016664e-03 
-5.884334e-02 
-9.542476e-01 
-9.542476e-01 
-9.542476e-01 
-9.542476e-01 
-9.542404e-01 
-9.542336e-01 
-9.542328e-01 
-9.542328e-01 
-9.542328e-01 
-9.542328e-01 
-5.775484e-03 
7.803227e-06 
1.601586e-05 
1.601583e-05 
1.601583e-05 
1.601583e-05 
1.968713e-05 
-2.983759e-04 
-4.696553e-04 
-4.696554e-04 
-4.696554e-04 
-5.098764e-04 
-6.986449e-03 
-9.539983e-01 
-9.542476e-01 
-9.542476e-01 
-9.542476e-01 
-9.542463e-01 
-9.542348e-01 
-9.542328e-01 
-9.542328e-01 
-9.542328e-01 
-9.542328e-01 
-2.501130e-01 
9.516903e-06 
1.601791e-05 
1.601583e-05 
1.601583e-05 
1.601583e-05 
1.749446e-05 
9.921333e-06 
-4.696362e-04 
-4.696554e-04 
-4.696554e-04 
-4.696554e-04 
-1.948576e-03 
-5.334834e-01 
-9.542476e-01 
-9.542476e-01 
-9.542476e-01 
-9.542476e-01 
-9.542370e-01 
-9.542330e-01 
-9.542328e-01 
-9.542328e-01 
-9.542328e-01 
-9.090970e-01 
-1.052540e-04 
1.469977e-05 
1.601583e-05 
1.601583e-05 
1.601583e-05 
1.618615e-05 
2.155299e-05 
-4.618865e-04 
-4.696554e-04 
-4.696554e-04 
-4.696554e-04 
-7.992894e-04 
-2.664384e-02 
-9.542471e-01 
-9.542476e-01 
-9.542476e-01 
-9.542476e-01 
-9.542425e-01 
-9.542339e-01 
-9.542328e-01 
-9.542328e-01 
-9.542328e-01 
-9.542328e-01 
-2.356348e-02 
7.185191e-06 
1.601599e-05 
1.601583e-05 
1.601583e-05 
1.601583e-05 
1.891990e-05 
-1.408453e-04 
-4.696552e-04 
-4.696554e-04 
-4.696554e-04 
-4.699432e-04 
-4.479664e-03 
-9.506994e-01 
-9.542476e-01 
-9.542476e-01 
-9.542476e-01 
-9.542472e-01 
-9.542353e-01 
-9.542328e-01 
-9.542328e-01 
-9.542328e-01 
-9.542328e-01 
-4.493175e-01 
1.097385e-05 
1.600706e-05 
1.601583e-05 
1.601583e-05 
1.601583e-05 
1.701034e-05 
1.945521e-05 
-4.695265e-04 
-4.696554e-04 
-4.696554e-04 
-4.696554e-04 
-1.442952e-03 
-2.142003e-01 
-9.542476e-01 
-9.542476e-01 
-9.542476e-01 
-9.542476e-01 
-9.542382e-01 
-9.542333e-01 
-9.542328e-01 
-9.542328e-01 
-9.542328e-01 
-9.542328e-01 
-7.034476e-04 
1.169342e-05 
1.601583e-05 
1.601583e-05 
1.601583e-05 
1.603446e-05 
2.078186e-05 
-4.334776e-04 
-4.696554e-04 
-4.696554e-04 
-4.696554e-04 
-6.430558e-04 
-1.394361e-02 
-9.542398e-01 
-9.542476e-01 
-9.542476e-01 
-9.542476e-01 
-9.542444e-01 
-9.542343e-01 
-9.542328e-01 
-9.542328e-01 
-9.542328e-01 
-9.542328e-01 
-7.789645e-02 
7.631295e-06 
1.601652e-05 
1.601583e-05 
1.601583e-05 
1.601583e-05 
1.824374e-05 
-3.930966e-05 
-4.696539e-04 
-4.696554e-04 
-4.696554e-04 
-4.696554e-04 
-3.035593e-03 
-9.037592e-01 
-9.542476e-01 
-9.542476e-01 
-9.542476e-01 
-9.542476e-01 
-9.542359e-01 
-9.542329e-01 
-9.542328e-01 
-9.542328e-01 
-9.542328e-01 
-6.652247e-01 
5.322763e-06 
1.588514e-05 
1.601583e-05 
1.601583e-05 
1.601583e-05 
1.659687e-05 
2.173589e-05 
-4.688410e-04 
-4.696554e-04 
-4.696554e-04 
-4.696554e-04 
-1.099074e-03 
-7.762832e-02 
-9.542476e-01 
-9.542476e-01 
-9.542476e-01 
-9.542476e-01 
-9.542398e-01 
-9.542335e-01 
-9.542328e-01 
-9.542328e-01 
-9.542328e-01 
-9.542328e-01 
-3.629202e-03 
8.343943e-06 
1.601585e-05 
1.601583e-05 
1.601583e-05 
1.601583e-05 
1.993686e-05 
-3.428683e-04 
-4.696554e-04 
-4.696554e-04 
-4.696554e-04 
-5.338180e-04 
-8.107101e-03 
-9.541367e-01 
-9.542476e-01 
-9.542476e-01 
-9.542476e-01 
-9.542459e-01 
-9.542347e-01 
-9.542328e-01 
-9.542328e-01 
-9.542328e-01 
-9.542328e-01 
-1.988189e-01 
8.975478e-06 
1.601773e-05 
1.601583e-05 
1.601583e-05 
1.601583e-05 
1.765689e-05 
3.780657e-06 
-4.696447e-04 
-4.696554e-04 
-4.696554e-04 
-4.696554e-04 
-2.149002e-03 
-6.426104e-01 
-9.542476e-01 
-9.542476e-01 
-9.542476e-01 
-9.542476e-01 
-9.542367e-01 
-9.542330e-01 
-9.542328e-01 
-9.542328e-01 
-9.542328e-01 
-8.626728e-01 
-5.228872e-05 
1.518865e-05 
1.601583e-05 
1.601583e-05 
1.601583e-05 
1.626472e-05 
2.172742e-05 
-4.649750e-04 
-4.696554e-04 
-4.696554e-04 
-4.696554e-04 
-8.580216e-04 
-3.333315e-02 
-9.542474e-01 
-9.542476e-01 
-9.542476e-01 
-9.542476e-01 
-9.542419e-01 
-9.542338e-01 
-9.542328e-01 
-9.542328e-01 
-9.542328e-01 
-9.542328e-01 
-1.567161e-02 
1.658131e-06 
2.696284e-06 
2.696238e-06 
2.696238e-06 
2.696238e-06 
6.786988e-06 
3.311180e-04 
5.228935e-04 
5.228935e-04 
5.228935e-04 
5.290081e-04 
5.218667e-03 
9.526706e-01 
9.542477e-01 
9.542477e-01 
9.542477e-01 
9.542472e-01 
9.542360e-01 
9.542331e-01 
9.542331e-01 
9.542331e-01 
9.542331e-01 
3.853962e-01 
1.279789e-05 
1.601415e-05 
1.601583e-05 
1.601583e-05 
1.601583e-05 
1.715025e-05 
1.771793e-05 
-4.695829e-04 
-4.696554e-04 
-4.696554e-04 
-4.696554e-04 
-1.576257e-03 
-2.932920e-01 
-9.542476e-01 
-9.542476e-01 
-9.542476e-01 
-9.542476e-01 
-9.542377e-01 
-9.542332e-01 
-9.542328e-01 
-9.542328e-01 
-9.542328e-01 
-9.542328e-01 
-4.121575e-04 
1.163516e-06 
2.696239e-06 
2.696238e-06 
2.696238e-06 
2.729747e-06 
1.208452e-05 
5.107383e-04 
5.228935e-04 
5.228935e-04 
5.228935e-04 
7.595398e-04 
1.710551e-02 
9.542442e-01 
9.542477e-01 
9.542477e-01 
9.542477e-01 
9.542446e-01 
9.542347e-01 
9.542331e-01 
9.542331e-01 
9.542331e-01 
9.542331e-01 
5.601897e-02 
7.411410e-06 
2.677607e-06 
2.677943e-06 
2.677943e-06 
2.677943e-06 
5.520130e-06 
1.982780e-04 
5.228851e-04 
5.228853e-04 
5.228853e-04 
5.228853e-04 
3.487795e-03 
9.317908e-01 
9.542477e-01 
9.542477e-01 
9.542477e-01 
9.542476e-01 
9.542368e-01 
9.542332e-01 
9.542331e-01 
9.542331e-01 
9.542331e-01 
5.996131e-01 
2.333381e-05 
2.758012e-06 
2.677943e-06 
2.677943e-06 
2.677943e-06 
3.309161e-06 
2.774972e-05 
5.226808e-04 
5.228853e-04 
5.228853e-04 
5.228853e-04 
1.275945e-03 
1.055207e-01 
9.542477e-01 
9.542477e-01 
9.542477e-01 
9.542477e-01 
9.542410e-01 
9.542339e-01 
9.542331e-01 
9.542331e-01 
9.542331e-01 
9.542331e-01 
2.401754e-03 
7.708781e-06 
2.677933e-06 
2.677943e-06 
2.677943e-06 
2.678035e-06 
9.131452e-06 
4.714207e-04 
5.228853e-04 
5.228853e-04 
5.228853e-04 
6.254025e-04 
9.681733e-03 
9.541984e-01 
9.542477e-01 
9.542477e-01 
9.542477e-01 
9.542459e-01 
9.542352e-01 
9.542331e-01 
9.542331e-01 
9.542331e-01 
9.542331e-01 
1.545065e-01 
8.639371e-06 
2.677091e-06 
2.677943e-06 
2.677943e-06 
2.677943e-06 
4.626445e-06 
1.028223e-04 
5.228833e-04 
5.228853e-04 
5.228853e-04 
5.228853e-04 
2.448477e-03 
7.413970e-01 
9.542477e-01 
9.542477e-01 
9.542477e-01 
9.542477e-01 
9.542378e-01 
9.542332e-01 
9.542331e-01 
9.542331e-01 
9.542331e-01 
8.076037e-01 
6.965976e-05 
1.551832e-05 
1.601583e-05 
1.601583e-05 
1.601583e-05 
1.635524e-05 
2.184466e-05 
-4.668737e-04 
-4.696554e-04 
-4.696554e-04 
-4.696554e-04 
-9.230011e-04 
-4.232136e-02 
-9.542475e-01 
-9.542476e-01 
-9.542476e-01 
-9.542476e-01 
-9.542412e-01 
-9.542337e-01 
-9.542328e-01 
-9.542328e-01 
-9.542328e-01 
-9.542328e-01 
-1.022659e-02 
7.413689e-06 
1.601589e-05 
1.601583e-05 
1.601583e-05 
1.601583e-05 
1.937727e-05 
-2.346443e-04 
-4.696553e-04 
-4.696554e-04 
-4.696554e-04 
-4.866725e-04 
-5.829567e-03 
-9.535446e-01 
-9.542476e-01 
-9.542476e-01 
-9.542476e-01 
-9.542467e-01 
-9.542350e-01 
-9.542328e-01 
-9.542328e-01 
-9.542328e-01 
-9.542328e-01 
-3.235080e-01 
1.022840e-05 
1.601703e-05 
1.601583e-05 
1.601583e-05 
1.601583e-05 
1.729676e-05 
1.511320e-05 
-4.696148e-04 
-4.696554e-04 
-4.696554e-04 
-4.696554e-04 
-1.726593e-03 
-3.916881e-01 
-9.542476e-01 
-9.542476e-01 
-9.542476e-01 
-9.542476e-01 
-9.542374e-01 
-9.542331e-01 
-9.542328e-01 
-9.542328e-01 
-9.542328e-01 
-9.479950e-01 
-2.317681e-04 
1.378274e-05 
1.601583e-05 
1.601583e-05 
1.601583e-05 
1.610632e-05 
2.127611e-05 
-4.551236e-04 
-4.696554e-04 
-4.696554e-04 
-4.696554e-04 
-7.321179e-04 
-2.038803e-02 
-9.542461e-01 
-9.542476e-01 
-9.542476e-01 
-9.542476e-01 
-9.542433e-01 
-9.542341e-01 
-9.542328e-01 
-9.542328e-01 
-9.542328e-01 
-9.542328e-01 
-3.863835e-02 
7.241106e-06 
1.601613e-05 
1.601583e-05 
1.601583e-05 
1.601583e-05 
1.864485e-05 
-9.287765e-05 
-4.696549e-04 
-4.696554e-04 
-4.696554e-04 
-4.696554e-04 
-3.825699e-03 
-9.442361e-01 
-9.542476e-01 
-9.542476e-01 
-9.542476e-01 
-9.542475e-01 
-9.542355e-01 
-9.542328e-01 
-9.542328e-01 
-9.542328e-01 
-9.542328e-01 
-5.334495e-01 
1.055551e-05 
1.598538e-05 
1.601583e-05 
1.601583e-05 
1.601583e-05 
1.684051e-05 
2.081338e-05 
-4.693883e-04 
-4.696554e-04 
-4.696554e-04 
-4.696554e-04 
-1.293393e-03 
-1.421274e-01 
-9.542476e-01 
-9.542476e-01 
-9.542476e-01 
-9.542476e-01 
-9.542387e-01 
-9.542334e-01 
-9.542328e-01 
-9.542328e-01 
-9.542328e-01 
-9.542328e-01 
-1.365081e-03 
1.017423e-05 
1.601584e-05 
1.601583e-05 
1.601583e-05 
1.601872e-05 
2.045057e-05 
-4.080829e-04 
-4.696554e-04 
-4.696554e-04 
-4.696554e-04 
-5.950641e-04 
-1.116176e-02 
-9.542256e-01 
-9.542476e-01 
-9.542476e-01 
-9.542476e-01 
-9.542451e-01 
-9.542344e-01 
-9.542328e-01 
-9.542328e-01 
-9.542328e-01 
-9.542328e-01 
-1.160955e-01 
8.060959e-06 
1.601693e-05 
1.601583e-05 
1.601583e-05 
1.601583e-05 
1.800440e-05 
-1.711871e-05 
-4.696521e-04 
-4.696554e-04 
-4.696554e-04 
-4.696554e-04 
-2.640182e-03 
-8.246741e-01 
-9.542476e-01 
-9.542476e-01 
-9.542476e-01 
-9.542476e-01 
-9.542362e-01 
-9.542329e-01 
-9.542328e-01 
-9.542328e-01 
-9.542328e-01 
-7.471367e-01 
-5.285552e-06 
1.572984e-05 
1.601583e-05 
1.601583e-05 
1.601583e-05 
1.645578e-05 
2.187785e-05 
-4.680215e-04 
-4.696554e-04 
-4.696554e-04 
-4.696554e-04 
-9.950176e-04 
-5.460547e-02 
-9.542476e-01 
-9.542476e-01 
-9.542476e-01 
-9.542476e-01 
-9.542406e-01 
-9.542336e-01 
-9.542328e-01 
-9.542328e-01 
-9.542328e-01 
-9.542328e-01 
-6.567662e-03 
3.823357e-07 
2.696255e-06 
2.696238e-06 
2.696238e-06 
2.696238e-06 
7.767020e-06 
4.088312e-04 
5.228935e-04 
5.228935e-04 
5.228935e-04 
5.610829e-04 
6.862544e-03 
9.539353e-01 
9.542477e-01 
9.542477e-01 
9.542477e-01 
9.542466e-01 
9.542356e-01 
9.542331e-01 
9.542331e-01 
9.542331e-01 
9.542331e-01 
2.659636e-01 
1.030080e-05 
1.601787e-05 
1.601583e-05 
1.601583e-05 
1.601583e-05 
1.745008e-05 
1.128300e-05 
-4.696328e-04 
-4.696554e-04 
-4.696554e-04 
-4.696554e-04 
-1.896721e-03 
-5.018959e-01 
-9.542476e-01 
-9.542476e-01 
-9.542476e-01 
-9.542476e-01 
-9.542371e-01 
-9.542331e-01 
-9.542328e-01 
-9.542328e-01 
-9.542328e-01 
-9.199809e-01 
-1.285762e-04 
1.958413e-06 
2.696238e-06 
2.696238e-06 
2.696238e-06 
2.813222e-06 
1.460102e-05 
5.184265e-04 
5.228935e-04 
5.228935e-04 
5.228935e-04 
8.653838e-04 
2.554390e-02 
9.542470e-01 
9.542477e-01 
9.542477e-01 
9.542477e-01 
9.542438e-01 
9.542345e-01 
9.542331e-01 
9.542331e-01 
9.542331e-01 
9.542331e-01 
2.675734e-02 
7.189629e-06 
1.601602e-05 
1.601583e-05 
1.601583e-05 
1.601583e-05 
1.885830e-05 
-1.294031e-04 
-4.696551e-04 
-4.696554e-04 
-4.696554e-04 
-4.696554e-04 
-4.324155e-03 
-9.497911e-01 
-9.542476e-01 
-9.542476e-01 
-9.542476e-01 
-9.542473e-01 
-9.542354e-01 
-9.542328e-01 
-9.542328e-01 
-9.542328e-01 
-9.542328e-01 
-4.676540e-01 
1.097743e-05 
1.600383e-05 
1.601583e-05 
1.601583e-05 
1.601583e-05 
1.697216e-05 
1.982462e-05 
-4.695040e-04 
-4.696554e-04 
-4.696554e-04 
-4.696554e-04 
-1.408201e-03 
-1.957102e-01 
-9.542476e-01 
-9.542476e-01 
-9.542476e-01 
-9.542476e-01 
-9.542383e-01 
-9.542333e-01 
-9.542328e-01 
-9.542328e-01 
-9.542328e-01 
-9.542328e-01 
-8.158623e-04 
1.135760e-05 
1.601583e-05 
1.601583e-05 
1.601583e-05 
1.602932e-05 
2.070950e-05 
-4.288352e-04 
-4.696554e-04 
-4.696554e-04 
-4.696554e-04 
-6.319362e-04 
-1.326166e-02 
-9.542378e-01 
-9.542476e-01 
-9.542476e-01 
-9.542476e-01 
-9.542446e-01 
-9.542343e-01 
-9.542328e-01 
-9.542328e-01 
-9.542328e-01 
-9.542328e-01 
-8.532601e-02 
7.714143e-06 
1.601659e-05 
1.601583e-05 
1.601583e-05 
1.601583e-05 
1.819004e-05 
-3.371227e-05 
-4.696536e-04 
-4.696554e-04 
-4.696554e-04 
-4.696554e-04 
-2.942392e-03 
-8.908500e-01 
-9.542476e-01 
-9.542476e-01 
-9.542476e-01 
-9.542476e-01 
-9.542360e-01 
-9.542329e-01 
-9.542328e-01 
-9.542328e-01 
-9.542328e-01 
-6.834868e-01 
3.702779e-06 
1.585941e-05 
1.601583e-05 
1.601583e-05 
1.601583e-05 
1.656482e-05 
2.178942e-05 
-4.687055e-04 
-4.696554e-04 
-4.696554e-04 
-4.696554e-04 
-1.074999e-03 
-7.168012e-02 
-9.542476e-01 
-9.542476e-01 
-9.542476e-01 
-9.542476e-01 
-9.542400e-01 
-9.542336e-01 
-9.542328e-01 
-9.542328e-01 
-9.542328e-01 
-9.542328e-01 
-4.142560e-03 
8.165151e-06 
1.601585e-05 
1.601583e-05 
1.601583e-05 
1.601583e-05 
1.986600e-05 
-3.310595e-04 
-4.696554e-04 
-4.696554e-04 
-4.696554e-04 
-5.266033e-04 
-7.769442e-03 
-9.541084e-01 
-9.542476e-01 
-9.542476e-01 
-9.542476e-01 
-9.542460e-01 
-9.542347e-01 
-9.542328e-01 
-9.542328e-01 
-9.542328e-01 
-9.542328e-01 
-2.126354e-01 
9.123693e-06 
1.601781e-05 
1.601583e-05 
1.601583e-05 
1.601583e-05 
1.761047e-05 
5.735555e-06 
-4.696428e-04 
-4.696554e-04 
-4.696554e-04 
-4.696554e-04 
-2.089959e-03 
-6.127242e-01 
-9.542476e-01 
-9.542476e-01 
-9.542476e-01 
-9.542476e-01 
-9.542368e-01 
-9.542330e-01 
-9.542328e-01 
-9.542328e-01 
-9.542328e-01 
-8.767739e-01 
-6.436036e-05 
1.506906e-05 
1.601583e-05 
1.601583e-05 
1.601583e-05 
1.624133e-05 
2.168319e-05 
-4.642486e-04 
-4.696554e-04 
-4.696554e-04 
-4.696554e-04 
-8.409022e-04 
-3.125320e-02 
-9.542473e-01 
-9.542476e-01 
-9.542476e-01 
-9.542476e-01 
-9.542421e-01 
-9.542339e-01 
-9.542328e-01 
-9.542328e-01 
-9.542328e-01 
-9.542328e-01 
-1.760436e-02 
7.222571e-06 
1.601595e-05 
1.601583e-05 
1.601583e-05 
1.601583e-05 
1.908039e-05 
-1.722752e-04 
-4.696552e-04 
-4.696554e-04 
-4.696554e-04 
-4.730388e-04 
-4.912036e-03 
-9.522639e-01 
-9.542476e-01 
-9.542476e-01 
-9.542476e-01 
-9.542471e-01 
-9.542352e-01 
-9.542328e-01 
-9.542328e-01 
-9.542328e-01 
-9.542328e-01 
-4.030148e-01 
1.081416e-05 
1.601271e-05 
1.601583e-05 
1.601583e-05 
1.601583e-05 
1.711024e-05 
1.828155e-05 
-4.695701e-04 
-4.696554e-04 
-4.696554e-04 
-4.696554e-04 
-1.537150e-03 
-2.689354e-01 
-9.542476e-01 
-9.542476e-01 
-9.542476e-01 
-9.542476e-01 
-9.542379e-01 
-9.542332e-01 
-9.542328e-01 
-9.542328e-01 
-9.542328e-01 
-9.542328e-01 
-4.778517e-04 
1.252032e-05 
1.601583e-05 
1.601583e-05 
1.601583e-05 
1.605286e-05 
2.096460e-05 
-4.433152e-04 
-4.696554e-04 
-4.696554e-04 
-4.696554e-04 
-6.730014e-04 
-1.590587e-02 
-9.542433e-01 
-9.542476e-01 
-9.542476e-01 
-9.542476e-01 
-9.542440e-01 
-9.542342e-01 
-9.542328e-01 
-9.542328e-01 
-9.542328e-01 
-9.542328e-01 
-6.118781e-02 
7.450167e-06 
1.601634e-05 
1.601583e-05 
1.601583e-05 
1.601583e-05 
1.838397e-05 
-5.568133e-05 
-4.696544e-04 
-4.696554e-04 
-4.696554e-04 
-4.696554e-04 
-3.292221e-03 
-9.260061e-01 
-9.542476e-01 
-9.542476e-01 
-9.542476e-01 
-9.542476e-01 
-9.542358e-01 
-9.542329e-01 
-9.542328e-01 
-9.542328e-01 
-9.542328e-01 
-6.181183e-01 
8.231839e-06 
1.593523e-05 
1.601583e-05 
1.601583e-05 
1.601583e-05 
1.668132e-05 
2.152669e-05 
-4.691081e-04 
-4.696554e-04 
-4.696554e-04 
-4.696554e-04 
-1.164032e-03 
-9.577111e-02 
-9.542476e-01 
-9.542476e-01 
-9.542476e-01 
-9.542476e-01 
-9.542394e-01 
-9.542335e-01 
-9.542328e-01 
-9.542328e-01 
-9.542328e-01 
-9.542328e-01 
-2.577210e-03 
-1.951044e-07 
2.696244e-06 
2.696238e-06 
2.696238e-06 
2.696256e-06 
8.993017e-06 
4.655637e-04 
5.228935e-04 
5.228935e-04 
5.228935e-04 
6.161199e-04 
9.261028e-03 
9.541858e-01 
9.542477e-01 
9.542477e-01 
9.542477e-01 
9.542460e-01 
9.542353e-01 
9.542331e-01 
9.542331e-01 
9.542331e-01 
9.542331e-01 
1.664215e-01 
8.800473e-06 
1.601745e-05 
1.601583e-05 
1.601583e-05 
1.601583e-05 
1.777822e-05 
-2.182104e-06 
-4.696484e-04 
-4.696554e-04 
-4.696554e-04 
-4.696554e-04 
-2.310315e-03 
-7.147450e-01 
-9.542476e-01 
-9.542476e-01 
-9.542476e-01 
-9.542476e-01 
-9.542365e-01 
-9.542329e-01 
-9.542328e-01 
-9.542328e-01 
-9.542328e-01 
-8.237502e-01 
-3.109653e-05 
2.402312e-06 
2.696238e-06 
2.696238e-06 
2.696238e-06 
2.955036e-06 
1.800665e-05 
5.213563e-04 
5.228935e-04 
5.228935e-04 
5.228935e-04 
9.923640e-04 
4.017584e-02 
9.542476e-01 
9.542477e-01 
9.542477e-01 
9.542477e-01 
9.542428e-01 
9.542342e-01 
9.542331e-01 
9.542331e-01 
9.542331e-01 
9.542331e-01 
1.185240e-02 
7.341636e-06 
2.677884e-06 
2.677943e-06 
2.677943e-06 
2.677943e-06 
7.067049e-06 
3.604021e-04 
5.228853e-04 
5.228853e-04 
5.228853e-04 
5.375361e-04 
5.741551e-03 
9.533660e-01 
9.542477e-01 
9.542477e-01 
9.542477e-01 
9.542470e-01 
9.542359e-01 
9.542331e-01 
9.542331e-01 
9.542331e-01 
9.542331e-01 
3.408168e-01 
1.173396e-05 
2.680688e-06 
2.677943e-06 
2.677943e-06 
2.677943e-06 
3.904705e-06 
5.165426e-05 
5.228666e-04 
5.228853e-04 
5.228853e-04 
5.228853e-04 
1.752696e-03 
3.639921e-01 
9.542477e-01 
9.542477e-01 
9.542477e-01 
9.542477e-01 
9.542391e-01 
9.542335e-01 
9.542331e-01 
9.542331e-01 
9.542331e-01 
9.520774e-01 
3.521335e-04 
4.904165e-06 
2.677941e-06 
2.677943e-06 
2.677943e-06 
2.734164e-06 
1.283254e-05 
5.143208e-04 
5.228853e-04 
5.228853e-04 
5.228853e-04 
7.951904e-04 
1.965139e-02 
9.542458e-01 
9.542477e-01 
9.542477e-01 
9.542477e-01 
9.542443e-01 
9.542346e-01 
9.542331e-01 
9.542331e-01 
9.542331e-01 
9.542331e-01 
4.336629e-02 
7.286521e-06 
2.677690e-06 
2.677943e-06 
2.677943e-06 
2.677943e-06 
5.754785e-06 
2.254904e-04 
5.228852e-04 
5.228853e-04 
5.228853e-04 
5.228853e-04 
3.792446e-03 
9.416902e-01 
9.542477e-01 
9.542477e-01 
9.542477e-01 
9.542476e-01 
9.542366e-01 
9.542331e-01 
9.542331e-01 
9.542331e-01 
9.542331e-01 
5.521136e-01 
1.971938e-05 
1.597753e-05 
1.601583e-05 
1.601583e-05 
1.601583e-05 
1.680465e-05 
2.101540e-05 
-4.693425e-04 
-4.696554e-04 
-4.696554e-04 
-4.696554e-04 
-1.263389e-03 
-1.300800e-01 
-9.542476e-01 
-9.542476e-01 
-9.542476e-01 
-9.542476e-01 
-9.542389e-01 
-9.542334e-01 
-9.542328e-01 
-9.542328e-01 
-9.542328e-01 
-9.542328e-01 
-1.572611e-03 
9.861599e-06 
1.601584e-05 
1.601583e-05 
1.601583e-05 
1.601740e-05 
2.037767e-05 
-4.009176e-04 
-4.696554e-04 
-4.696554e-04 
-4.696554e-04 
-5.854350e-04 
-1.065032e-02 
-9.542200e-01 
-9.542476e-01 
-9.542476e-01 
-9.542476e-01 
-9.542452e-01 
-9.542345e-01 
-9.542328e-01 
-9.542328e-01 
-9.542328e-01 
-9.542328e-01 
-1.260175e-01 
8.172642e-06 
1.601704e-05 
1.601583e-05 
1.601583e-05 
1.601583e-05 
1.795364e-05 
-1.329091e-05 
-4.696515e-04 
-4.696554e-04 
-4.696554e-04 
-4.696554e-04 
-2.562660e-03 
-8.027694e-01 
-9.542476e-01 
-9.542476e-01 
-9.542476e-01 
-9.542476e-01 
-9.542363e-01 
-9.542329e-01 
-9.542328e-01 
-9.542328e-01 
-9.542328e-01 
-7.645425e-01 
-9.028598e-06 
1.568007e-05 
1.601583e-05 
1.601583e-05 
1.601583e-05 
1.642659e-05 
2.187895e-05 
-4.677551e-04 
-4.696554e-04 
-4.696554e-04 
-4.696554e-04 
-9.740002e-04 
-5.074216e-02 
-9.542476e-01 
-9.542476e-01 
-9.542476e-01 
-9.542476e-01 
-9.542408e-01 
-9.542337e-01 
-9.542328e-01 
-9.542328e-01 
-9.542328e-01 
-9.542328e-01 
-7.447184e-03 
7.600409e-06 
1.601587e-05 
1.601583e-05 
1.601583e-05 
1.601583e-05 
1.954958e-05 
-2.708984e-04 
-4.696553e-04 
-4.696554e-04 
-4.696554e-04 
-4.985964e-04 
-6.444490e-03 
-9.538546e-01 
-9.542476e-01 
-9.542476e-01 
-9.542476e-01 
-9.542465e-01 
-9.542349e-01 
-9.542328e-01 
-9.542328e-01 
-9.542328e-01 
-9.542328e-01 
-2.814063e-01 
9.832254e-06 
1.601776e-05 
1.601583e-05 
1.601583e-05 
1.601583e-05 
1.740625e-05 
1.250981e-05 
-4.696287e-04 
-4.696554e-04 
-4.696554e-04 
-4.696554e-04 
-1.846691e-03 
-4.703434e-01 
-9.542476e-01 
-9.542476e-01 
-9.542476e-01 
-9.542476e-01 
-9.542371e-01 
-9.542331e-01 
-9.542328e-01 
-9.542328e-01 
-9.542328e-01 
-9.296791e-01 
-1.504472e-04 
1.434019e-05 
1.601583e-05 
1.601583e-05 
1.601583e-05 
1.614802e-05 
2.143722e-05 
-4.593900e-04 
-4.696554e-04 
-4.696554e-04 
-4.696554e-04 
-7.687424e-04 
-2.363017e-02 
-9.542468e-01 
-9.542476e-01 
-9.542476e-01 
-9.542476e-01 
-9.542429e-01 
-9.542340e-01 
-9.542328e-01 
-9.542328e-01 
-9.542328e-01 
-9.542328e-01 
-2.939758e-02 
7.190484e-06 
1.601604e-05 
1.601583e-05 
1.601583e-05 
1.601583e-05 
1.879739e-05 
-1.184670e-04 
-4.696551e-04 
-4.696554e-04 
-4.696554e-04 
-4.696554e-04 
-4.175694e-03 
-9.486500e-01 
-9.542476e-01 
-9.542476e-01 
-9.542476e-01 
-9.542473e-01 
-9.542354e-01 
-9.542328e-01 
-9.542328e-01 
-9.542328e-01 
-9.542328e-01 
-4.860809e-01 
1.093614e-05 
1.599987e-05 
1.601583e-05 
1.601583e-05 
1.601583e-05 
1.693448e-05 
2.015059e-05 
-4.694778e-04 
-4.696554e-04 
-4.696554e-04 
-4.696554e-04 
-1.374567e-03 
-1.787940e-01 
-9.542476e-01 
-9.542476e-01 
-9.542476e-01 
-9.542476e-01 
-9.542384e-01 
-9.542333e-01 
-9.542328e-01 
-9.542328e-01 
-9.542328e-01 
-9.542328e-01 
-9.479674e-04 
3.955369e-07 
2.696240e-06 
2.696238e-06 
2.696238e-06 
2.702548e-06 
1.055259e-05 
4.978427e-04 
5.228935e-04 
5.228935e-04 
5.228935e-04 
6.898217e-04 
1.288625e-02 
9.542354e-01 
9.542477e-01 
9.542477e-01 
9.542477e-01 
9.542453e-01 
9.542350e-01 
9.542331e-01 
9.542331e-01 
9.542331e-01 
9.542331e-01 
9.386348e-02 
7.856703e-06 
1.601668e-05 
1.601583e-05 
1.601583e-05 
1.601583e-05 
1.813700e-05 
-2.854124e-05 
-4.696533e-04 
-4.696554e-04 
-4.696554e-04 
-4.696554e-04 
-2.852947e-03 
-8.746806e-01 
-9.542476e-01 
-9.542476e-01 
-9.542476e-01 
-9.542476e-01 
-9.542360e-01 
-9.542329e-01 
-9.542328e-01 
-9.542328e-01 
-9.542328e-01 
-7.016150e-01 
-3.363503e-07 
2.597761e-06 
2.696238e-06 
2.696238e-06 
2.696238e-06 
3.148872e-06 
2.275515e-05 
5.223905e-04 
5.228935e-04 
5.228935e-04 
5.228935e-04 
1.143197e-03 
6.725219e-02 
9.542477e-01 
9.542477e-01 
9.542477e-01 
9.542477e-01 
9.542418e-01 
9.542340e-01 
9.542331e-01 
9.542331e-01 
9.542331e-01 
9.542331e-01 
4.932839e-03 
8.008293e-06 
1.601586e-05 
1.601583e-05 
1.601583e-05 
1.601583e-05 
1.979561e-05 
-3.186782e-04 
-4.696553e-04 
-4.696554e-04 
-4.696554e-04 
-5.197630e-04 
-7.449976e-03 
-9.540727e-01 
-9.542476e-01 
-9.542476e-01 
-9.542476e-01 
-9.542461e-01 
-9.542348e-01 
-9.542328e-01 
-9.542328e-01 
-9.542328e-01 
-9.542328e-01 
-2.269417e-01 
9.275443e-06 
1.601788e-05 
1.601583e-05 
1.601583e-05 
1.601583e-05 
1.756463e-05 
7.504011e-06 
-4.696406e-04 
-4.696554e-04 
-4.696554e-04 
-4.696554e-04 
-2.033056e-03 
-5.821122e-01 
-9.542476e-01 
-9.542476e-01 
-9.542476e-01 
-9.542476e-01 
-9.542368e-01 
-9.542330e-01 
-9.542328e-01 
-9.542328e-01 
-9.542328e-01 
-8.901080e-01 
-7.847444e-05 
1.493586e-05 
1.601583e-05 
1.601583e-05 
1.601583e-05 
1.621893e-05 
2.163496e-05 
-4.634177e-04 
-4.696554e-04 
-4.696554e-04 
-4.696554e-04 
-8.242605e-04 
-2.933633e-02 
-9.542472e-01 
-9.542476e-01 
-9.542476e-01 
-9.542476e-01 
-9.542422e-01 
-9.542339e-01 
-9.542328e-01 
-9.542328e-01 
-9.542328e-01 
-9.542328e-01 
-1.975483e-02 
7.202045e-06 
1.601596e-05 
1.601583e-05 
1.601583e-05 
1.601583e-05 
1.901706e-05 
-1.596144e-04 
-4.696552e-04 
-4.696554e-04 
-4.696554e-04 
-4.714323e-04 
-4.736552e-03 
-9.517560e-01 
-9.542476e-01 
-9.542476e-01 
-9.542476e-01 
-9.542471e-01 
-9.542352e-01 
-9.542328e-01 
-9.542328e-01 
-9.542328e-01 
-9.542328e-01 
-4.210241e-01 
1.089802e-05 
1.601088e-05 
1.601583e-05 
1.601583e-05 
1.601583e-05 
1.707075e-05 
1.878352e-05 
-4.695552e-04 
-4.696554e-04 
-4.696554e-04 
-4.696554e-04 
-1.499333e-03 
-2.462207e-01 
-9.542476e-01 
-9.542476e-01 
-9.542476e-01 
-9.542476e-01 
-9.542380e-01 
-9.542332e-01 
-9.542328e-01 
-9.542328e-01 
-9.542328e-01 
-9.542328e-01 
-5.567042e-04 
1.220412e-05 
1.601583e-05 
1.601583e-05 
1.601583e-05 
1.604470e-05 
2.089354e-05 
-4.397888e-04 
-4.696554e-04 
-4.696554e-04 
-4.696554e-04 
-6.610171e-04 
-1.509777e-02 
-9.542422e-01 
-9.542476e-01 
-9.542476e-01 
-9.542476e-01 
-9.542442e-01 
-9.542342e-01 
-9.542328e-01 
-9.542328e-01 
-9.542328e-01 
-9.542328e-01 
-6.734852e-02 
7.515734e-06 
1.601641e-05 
1.601583e-05 
1.601583e-05 
1.601583e-05 
1.832857e-05 
-4.890919e-05 
-4.696542e-04 
-4.696554e-04 
-4.696554e-04 
-4.696554e-04 
-3.188497e-03 
-9.187950e-01 
-9.542476e-01 
-9.542476e-01 
-9.542476e-01 
-9.542476e-01 
-9.542358e-01 
-9.542329e-01 
-9.542328e-01 
-9.542328e-01 
-9.542328e-01 
-6.366125e-01 
7.276110e-06 
1.591804e-05 
1.601583e-05 
1.601583e-05 
1.601583e-05 
1.664784e-05 
2.162202e-05 
-4.690155e-04 
-4.696554e-04 
-4.696554e-04 
-4.696554e-04 
-1.138006e-03 
-8.812077e-02 
-9.542476e-01 
-9.542476e-01 
-9.542476e-01 
-9.542476e-01 
-9.542396e-01 
-9.542335e-01 
-9.542328e-01 
-9.542328e-01 
-9.542328e-01 
-9.542328e-01 
-2.946743e-03 
8.664562e-06 
1.601585e-05 
1.601583e-05 
1.601583e-05 
1.601583e-05 
2.004793e-05 
-3.600103e-04 
-4.696554e-04 
-4.696554e-04 
-4.696554e-04 
-5.457503e-04 
-8.671547e-03 
-9.541698e-01 
-9.542476e-01 
-9.542476e-01 
-9.542476e-01 
-9.542457e-01 
-9.542346e-01 
-9.542328e-01 
-9.542328e-01 
-9.542328e-01 
-9.542328e-01 
-1.783496e-01 
8.753218e-06 
1.601756e-05 
1.601583e-05 
1.601583e-05 
1.601583e-05 
1.773028e-05 
3.289483e-07 
-4.696472e-04 
-4.696554e-04 
-4.696554e-04 
-4.696554e-04 
-2.245333e-03 
-6.873168e-01 
-9.542476e-01 
-9.542476e-01 
-9.542476e-01 
-9.542476e-01 
-9.542366e-01 
-9.542330e-01 
-9.542328e-01 
-9.542328e-01 
-9.542328e-01 
-8.394186e-01 
-3.692859e-05 
1.534999e-05 
1.601583e-05 
1.601583e-05 
1.601583e-05 
1.630298e-05 
2.178713e-05 
-4.659205e-04 
-4.696554e-04 
-4.696554e-04 
-4.696554e-04 
-8.856369e-04 
-3.693286e-02 
-9.542474e-01 
-9.542476e-01 
-9.542476e-01 
-9.542476e-01 
-9.542416e-01 
-9.542338e-01 
-9.542328e-01 
-9.542328e-01 
-9.542328e-01 
-9.542328e-01 
-1.302723e-02 
7.309630e-06 
1.601591e-05 
1.601583e-05 
1.601583e-05 
1.601583e-05 
1.924526e-05 
-2.065093e-04 
-4.696553e-04 
-4.696554e-04 
-4.696554e-04 
-4.794436e-04 
-5.401143e-03 
-9.531386e-01 
-9.542476e-01 
-9.542476e-01 
-9.542476e-01 
-9.542469e-01 
-9.542351e-01 
-9.542328e-01 
-9.542328e-01 
-9.542328e-01 
-9.542328e-01 
-3.578220e-01 
1.051510e-05 
1.601577e-05 
1.601583e-05 
1.601583e-05 
1.601583e-05 
1.721353e-05 
1.670354e-05 
-4.695991e-04 
-4.696554e-04 
-4.696554e-04 
-4.696554e-04 
-1.639780e-03 
-3.342600e-01 
-9.542476e-01 
-9.542476e-01 
-9.542476e-01 
-9.542476e-01 
-9.542376e-01 
-9.542332e-01 
-9.542328e-01 
-9.542328e-01 
-9.542328e-01 
-9.540897e-01 
-3.231204e-04 
1.365975e-06 
2.696239e-06 
2.696238e-06 
2.696238e-06 
2.742959e-06 
1.257514e-05 
5.130642e-04 
5.228935e-04 
5.228935e-04 
5.228935e-04 
7.810328e-04 
1.860042e-02 
9.542453e-01 
9.542477e-01 
9.542477e-01 
9.542477e-01 
9.542445e-01 
9.542347e-01 
9.542331e-01 
9.542331e-01 
9.542331e-01 
9.542331e-01 
4.799940e-02 
7.329566e-06 
1.601621e-05 
1.601583e-05 
1.601583e-05 
1.601583e-05 
1.852858e-05 
-7.523505e-05 
-4.696547e-04 
-4.696554e-04 
-4.696554e-04 
-4.696554e-04 
-3.578377e-03 
-9.384608e-01 
-9.542476e-01 
-9.542476e-01 
-9.542476e-01 
-9.542475e-01 
-9.542356e-01 
-9.542329e-01 
-9.542328e-01 
-9.542328e-01 
-9.542328e-01 
-5.706532e-01 
7.831789e-06 
2.669266e-06 
2.696238e-06 
2.696238e-06 
2.696238e-06 
3.389032e-06 
2.961161e-05 
5.227352e-04 
5.228935e-04 
5.228935e-04 
5.228935e-04 
1.322819e-03 
1.205677e-01 
9.542477e-01 
9.542477e-01 
9.542477e-01 
9.542477e-01 
9.542408e-01 
9.542338e-01 
9.542331e-01 
9.542331e-01 
9.542331e-01 
9.542331e-01 
1.954776e-03 
7.542018e-06 
2.677935e-06 
2.677943e-06 
2.677943e-06 
2.678405e-06 
9.449667e-06 
4.796643e-04 
5.228853e-04 
5.228853e-04 
5.228853e-04 
6.405691e-04 
1.038825e-02 
9.542131e-01 
9.542477e-01 
9.542477e-01 
9.542477e-01 
9.542458e-01 
9.542352e-01 
9.542331e-01 
9.542331e-01 
9.542331e-01 
9.542331e-01 
1.370814e-01 
8.408391e-06 
2.677146e-06 
2.677943e-06 
2.677943e-06 
2.677943e-06 
4.731007e-06 
1.125298e-04 
5.228838e-04 
5.228853e-04 
5.228853e-04 
5.228853e-04 
2.560109e-03 
7.798453e-01 
9.542477e-01 
9.542477e-01 
9.542477e-01 
9.542477e-01 
9.542376e-01 
9.542332e-01 
9.542331e-01 
9.542331e-01 
9.542331e-01 
7.816651e-01 
5.847619e-05 
3.084216e-06 
2.677943e-06 
2.677943e-06 
2.677943e-06 
2.998142e-06 
1.942814e-05 
5.218501e-04 
5.228853e-04 
5.228853e-04 
5.228853e-04 
1.042143e-03 
4.797633e-02 
9.542476e-01 
9.542477e-01 
9.542477e-01 
9.542477e-01 
9.542424e-01 
9.542342e-01 
9.542331e-01 
9.542331e-01 
9.542331e-01 
9.542331e-01 
8.705936e-03 
7.473825e-06 
2.677901e-06 
2.677943e-06 
2.677943e-06 
2.677943e-06 
7.419607e-06 
3.884045e-04 
5.228853e-04 
5.228853e-04 
5.228853e-04 
5.494961e-04 
6.337390e-03 
9.537548e-01 
9.542477e-01 
9.542477e-01 
9.542477e-01 
9.542468e-01 
9.542357e-01 
9.542331e-01 
9.542331e-01 
9.542331e-01 
9.542331e-01 
2.979725e-01 
1.087020e-05 
1.601756e-05 
1.601583e-05 
1.601583e-05 
1.601583e-05 
1.736298e-05 
1.361389e-05 
-4.696240e-04 
-4.696554e-04 
-4.696554e-04 
-4.696554e-04 
-1.798405e-03 
-4.390879e-01 
-9.542476e-01 
-9.542476e-01 
-9.542476e-01 
-9.542476e-01 
-9.542372e-01 
-9.542331e-01 
-9.542328e-01 
-9.542328e-01 
-9.542328e-01 
-9.380496e-01 
-1.786665e-04 
1.413539e-05 
1.601583e-05 
1.601583e-05 
1.601583e-05 
1.613072e-05 
2.137571e-05 
-4.578820e-04 
-4.696554e-04 
-4.696554e-04 
-4.696554e-04 
-7.540981e-04 
-2.228742e-02 
-9.542465e-01 
-9.542476e-01 
-9.542476e-01 
-9.542476e-01 
-9.542430e-01 
-9.542340e-01 
-9.542328e-01 
-9.542328e-01 
-9.542328e-01 
-9.542328e-01 
-3.275784e-02 
7.204467e-06 
1.601607e-05 
1.601583e-05 
1.601583e-05 
1.601583e-05 
1.873717e-05 
-1.080470e-04 
-4.696550e-04 
-4.696554e-04 
-4.696554e-04 
-4.696554e-04 
-4.033890e-03 
-9.472197e-01 
-9.542476e-01 
-9.542476e-01 
-9.542476e-01 
-9.542474e-01 
-9.542355e-01 
-9.542328e-01 
-9.542328e-01 
-9.542328e-01 
-9.542328e-01 
-5.045787e-01 
1.084032e-05 
1.599503e-05 
1.601583e-05 
1.601583e-05 
1.601583e-05 
1.689732e-05 
2.043720e-05 
-4.694469e-04 
-4.696554e-04 
-4.696554e-04 
-4.696554e-04 
-1.342006e-03 
-1.633714e-01 
-9.542476e-01 
-9.542476e-01 
-9.542476e-01 
-9.542476e-01 
-9.542385e-01 
-9.542333e-01 
-9.542328e-01 
-9.542328e-01 
-9.542328e-01 
-9.542328e-01 
-1.092326e-03 
1.068361e-05 
1.601584e-05 
1.601583e-05 
1.601583e-05 
1.602205e-05 
2.056402e-05 
-4.180427e-04 
-4.696554e-04 
-4.696554e-04 
-4.696554e-04 
-6.106879e-04 
-1.202281e-02 
-9.542322e-01 
-9.542476e-01 
-9.542476e-01 
-9.542476e-01 
-9.542448e-01 
-9.542344e-01 
-9.542328e-01 
-9.542328e-01 
-9.542328e-01 
-9.542328e-01 
-1.017792e-01 
7.899392e-06 
1.601677e-05 
1.601583e-05 
1.601583e-05 
1.601583e-05 
1.808461e-05 
-2.377586e-05 
-4.696529e-04 
-4.696554e-04 
-4.696554e-04 
-4.696554e-04 
-2.767071e-03 
-8.561473e-01 
-9.542476e-01 
-9.542476e-01 
-9.542476e-01 
-9.542476e-01 
-9.542361e-01 
-9.542329e-01 
-9.542328e-01 
-9.542328e-01 
-9.542328e-01 
-7.195819e-01 
-6.307251e-07 
1.579474e-05 
1.601583e-05 
1.601583e-05 
1.601583e-05 
1.650251e-05 
2.185683e-05 
-4.683645e-04 
-4.696554e-04 
-4.696554e-04 
-4.696554e-04 
-1.028968e-03 
-6.137452e-02 
-9.542476e-01 
-9.542476e-01 
-9.542476e-01 
-9.542476e-01 
-9.542403e-01 
-9.542336e-01 
-9.542328e-01 
-9.542328e-01 
-9.542328e-01 
-9.542328e-01 
-5.376838e-03 
7.871049e-06 
1.601586e-05 
1.601583e-05 
1.601583e-05 
1.601583e-05 
1.972572e-05 
-3.057539e-04 
-4.696553e-04 
-4.696554e-04 
-4.696554e-04 
-5.133005e-04 
-7.147516e-03 
-9.540279e-01 
-9.542476e-01 
-9.542476e-01 
-9.542476e-01 
-9.542462e-01 
-9.542348e-01 
-9.542328e-01 
-9.542328e-01 
-9.542328e-01 
-9.542328e-01 
-2.417148e-01 
9.430064e-06 
1.601791e-05 
1.601583e-05 
1.601583e-05 
1.601583e-05 
1.751936e-05 
9.101926e-06 
-4.696379e-04 
-4.696554e-04 
-4.696554e-04 
-4.696554e-04 
-1.978198e-03 
-5.509526e-01 
-9.542476e-01 
-9.542476e-01 
-9.542476e-01 
-9.542476e-01 
-9.542369e-01 
-9.542330e-01 
-9.542328e-01 
-9.542328e-01 
-9.542328e-01 
-9.025786e-01 
-9.731685e-05 
2.083793e-06 
2.696238e-06 
2.696238e-06 
2.696238e-06 
2.839395e-06 
1.525762e-05 
5.193383e-04 
5.228935e-04 
5.228935e-04 
5.228935e-04 
8.912529e-04 
2.806914e-02 
9.542472e-01 
9.542477e-01 
9.542477e-01 
9.542477e-01 
9.542435e-01 
9.542344e-01 
9.542331e-01 
9.542331e-01 
9.542331e-01 
9.542331e-01 
2.252603e-02 
7.193319e-06 
1.601598e-05 
1.601583e-05 
1.601583e-05 
1.601583e-05 
1.895441e-05 
-1.474147e-04 
-4.696552e-04 
-4.696554e-04 
-4.696554e-04 
-4.703328e-04 
-4.569241e-03 
-9.511193e-01 
-9.542476e-01 
-9.542476e-01 
-9.542476e-01 
-9.542472e-01 
-9.542353e-01 
-9.542328e-01 
-9.542328e-01 
-9.542328e-01 
-9.542328e-01 
-4.391808e-01 
8.878294e-06 
2.691078e-06 
2.696238e-06 
2.696238e-06 
2.696238e-06 
3.674926e-06 
3.991399e-05 
5.228452e-04 
5.228935e-04 
5.228935e-04 
5.228935e-04 
1.544016e-03 
2.269293e-01 
9.542477e-01 
9.542477e-01 
9.542477e-01 
9.542477e-01 
9.542398e-01 
9.542336e-01 
9.542331e-01 
9.542331e-01 
9.542331e-01 
9.542331e-01 
7.497144e-04 
1.187797e-05 
1.601583e-05 
1.601583e-05 
1.601583e-05 
1.603778e-05 
2.082188e-05 
-4.358595e-04 
-4.696554e-04 
-4.696554e-04 
-4.696554e-04 
-6.493763e-04 
-1.434216e-02 
-9.542408e-01 
-9.542476e-01 
-9.542476e-01 
-9.542476e-01 
-9.542443e-01 
-9.542343e-01 
-9.542328e-01 
-9.542328e-01 
-9.542328e-01 
-9.542328e-01 
-7.399130e-02 
7.588151e-06 
1.601647e-05 
1.601583e-05 
1.601583e-05 
1.601583e-05 
1.827385e-05 
-4.261028e-05 
-4.696540e-04 
-4.696554e-04 
-4.696554e-04 
-4.696554e-04 
-3.089058e-03 
-9.097629e-01 
-9.542476e-01 
-9.542476e-01 
-9.542476e-01 
-9.542476e-01 
-9.542359e-01 
-9.542329e-01 
-9.542328e-01 
-9.542328e-01 
-9.542328e-01 
-6.550326e-01 
6.092914e-06 
1.589782e-05 
1.601583e-05 
1.601583e-05 
1.601583e-05 
1.661492e-05 
2.169972e-05 
-4.689080e-04 
-4.696554e-04 
-4.696554e-04 
-4.696554e-04 
-1.112765e-03 
-8.119221e-02 
-9.542476e-01 
-9.542476e-01 
-9.542476e-01 
-9.542476e-01 
-9.542397e-01 
-9.542335e-01 
-9.542328e-01 
-9.542328e-01 
-9.542328e-01 
-9.542328e-01 
-3.370212e-03 
8.452610e-06 
1.601585e-05 
1.601583e-05 
1.601583e-05 
1.601583e-05 
1.997641e-05 
-3.491674e-04 
-4.696554e-04 
-4.696554e-04 
-4.696554e-04 
-5.379824e-04 
-8.302989e-03 
-9.541498e-01 
-9.542476e-01 
-9.542476e-01 
-9.542476e-01 
-9.542459e-01 
-9.542347e-01 
-9.542328e-01 
-9.542328e-01 
-9.542328e-01 
-9.542328e-01 
-1.913638e-01 
8.894881e-06 
1.601767e-05 
1.601583e-05 
1.601583e-05 
1.601583e-05 
1.768294e-05 
2.608021e-06 
-4.696457e-04 
-4.696554e-04 
-4.696554e-04 
-4.696554e-04 
-2.182760e-03 
-6.588421e-01 
-9.542476e-01 
-9.542476e-01 
-9.542476e-01 
-9.542476e-01 
-9.542366e-01 
-9.542330e-01 
-9.542328e-01 
-9.542328e-01 
-9.542328e-01 
-8.545376e-01 
-4.636189e-05 
1.524957e-05 
1.601583e-05 
1.601583e-05 
1.601583e-05 
1.627813e-05 
2.175009e-05 
-4.653354e-04 
-4.696554e-04 
-4.696554e-04 
-4.696554e-04 
-8.677429e-04 
-3.456506e-02 
-9.542474e-01 
-9.542476e-01 
-9.542476e-01 
-9.542476e-01 
-9.542418e-01 
-9.542338e-01 
-9.542328e-01 
-9.542328e-01 
-9.542328e-01 
-9.542328e-01 
-1.467256e-02 
7.269598e-06 
1.601593e-05 
1.601583e-05 
1.601583e-05 
1.601583e-05 
1.918023e-05 
-1.928200e-04 
-4.696553e-04 
-4.696554e-04 
-4.696554e-04 
-4.765455e-04 
-5.202425e-03 
-9.528552e-01 
-9.542476e-01 
-9.542476e-01 
-9.542476e-01 
-9.542470e-01 
-9.542351e-01 
-9.542328e-01 
-9.542328e-01 
-9.542328e-01 
-9.542328e-01 
-3.753478e-01 
1.064378e-05 
1.601481e-05 
1.601583e-05 
1.601583e-05 
1.601583e-05 
1.717270e-05 
1.737591e-05 
-4.695891e-04 
-4.696554e-04 
-4.696554e-04 
-4.696554e-04 
-1.598557e-03 
-3.075066e-01 
-9.542476e-01 
-9.542476e-01 
-9.542476e-01 
-9.542476e-01 
-9.542377e-01 
-9.542332e-01 
-9.542328e-01 
-9.542328e-01 
-9.542328e-01 
-9.542328e-01 
-3.753067e-04 
1.298714e-05 
1.601583e-05 
1.601583e-05 
1.601583e-05 
1.606805e-05 
2.107355e-05 
-4.480778e-04 
-4.696554e-04 
-4.696554e-04 
-4.696554e-04 
-6.923377e-04 
-1.727795e-02 
-9.542446e-01 
-9.542476e-01 
-9.542476e-01 
-9.542476e-01 
-9.542438e-01 
-9.542342e-01 
-9.542328e-01 
-9.542328e-01 
-9.542328e-01 
-9.542328e-01 
-5.251490e-02 
7.362051e-06 
1.601626e-05 
1.601583e-05 
1.601583e-05 
1.601583e-05 
1.847146e-05 
-6.719051e-05 
-4.696546e-04 
-4.696554e-04 
-4.696554e-04 
-4.696554e-04 
-3.462622e-03 
-9.344363e-01 
-9.542476e-01 
-9.542476e-01 
-9.542476e-01 
-9.542476e-01 
-9.542357e-01 
-9.542329e-01 
-9.542328e-01 
-9.542328e-01 
-9.542328e-01 
-5.892493e-01 
9.346664e-06 
1.595693e-05 
1.601583e-05 
1.601583e-05 
1.601583e-05 
1.673446e-05 
2.133895e-05 
-4.692263e-04 
-4.696554e-04 
-4.696554e-04 
-4.696554e-04 
-1.206146e-03 
-1.092959e-01 
-9.542476e-01 
-9.542476e-01 
-9.542476e-01 
-9.542476e-01 
-9.542392e-01 
-9.542334e-01 
-9.542328e-01 
-9.542328e-01 
-9.542328e-01 
-9.542328e-01 
-2.078736e-03 
9.288741e-06 
1.601584e-05 
1.601583e-05 
1.601583e-05 
1.601613e-05 
2.023226e-05 
-3.846565e-04 
-4.696554e-04 
-4.696554e-04 
-4.696554e-04 
-5.671616e-04 
-9.715772e-03 
-9.542041e-01 
-9.542476e-01 
-9.542476e-01 
-9.542476e-01 
-9.542454e-01 
-9.542345e-01 
-9.542328e-01 
-9.542328e-01 
-9.542328e-01 
-9.542328e-01 
-1.475611e-01 
8.413587e-06 
1.601727e-05 
1.601583e-05 
1.601583e-05 
1.601583e-05 
1.785401e-05 
-6.595516e-06 
-4.696500e-04 
-4.696554e-04 
-4.696554e-04 
-4.696554e-04 
-2.416453e-03 
-7.551477e-01 
-9.542476e-01 
-9.542476e-01 
-9.542476e-01 
-9.542476e-01 
-9.542364e-01 
-9.542329e-01 
-9.542328e-01 
-9.542328e-01 
-9.542328e-01 
-7.984403e-01 
-2.090872e-05 
2.461359e-06 
2.696238e-06 
2.696238e-06 
2.696238e-06 
2.993245e-06 
1.891014e-05 
5.216849e-04 
5.228935e-04 
5.228935e-04 
5.228935e-04 
1.023226e-03 
4.471376e-02 
9.542476e-01 
9.542477e-01 
9.542477e-01 
9.542477e-01 
9.542426e-01 
9.542342e-01 
9.542331e-01 
9.542331e-01 
9.542331e-01 
9.542331e-01 
9.832120e-03 
7.449838e-06 
1.601589e-05 
1.601583e-05 
1.601583e-05 
1.601583e-05 
1.941438e-05 
-2.425477e-04 
-4.696553e-04 
-4.696554e-04 
-4.696554e-04 
-4.890175e-04 
-5.956441e-03 
-9.536278e-01 
-9.542476e-01 
-9.542476e-01 
-9.542476e-01 
-9.542467e-01 
-9.542350e-01 
-9.542328e-01 
-9.542328e-01 
-9.542328e-01 
-9.542328e-01 
-3.141809e-01 
7.938037e-06 
2.696277e-06 
2.696238e-06 
2.696238e-06 
2.696238e-06 
4.011133e-06 
5.604302e-05 
5.228791e-04 
5.228935e-04 
5.228935e-04 
5.228935e-04 
1.826710e-03 
4.098713e-01 
9.542477e-01 
9.542477e-01 
9.542477e-01 
9.542477e-01 
9.542390e-01 
9.542335e-01 
9.542331e-01 
9.542331e-01 
9.542331e-01 
9.449262e-01 
2.854263e-04 
4.593956e-06 
2.677942e-06 
2.677943e-06 
2.677943e-06 
2.751827e-06 
1.337355e-05 
5.160046e-04 
5.228853e-04 
5.228853e-04 
5.228853e-04 
8.181450e-04 
2.144445e-02 
9.542463e-01 
9.542477e-01 
9.542477e-01 
9.542477e-01 
9.542441e-01 
9.542346e-01 
9.542331e-01 
9.542331e-01 
9.542331e-01 
9.542331e-01 
3.691074e-02 
7.235056e-06 
2.677731e-06 
2.677943e-06 
2.677943e-06 
2.677943e-06 
5.905779e-06 
2.428254e-04 
5.228852e-04 
5.228853e-04 
5.228853e-04 
5.228853e-04 
3.995462e-03 
9.454397e-01 
9.542477e-01 
9.542477e-01 
9.542477e-01 
9.542475e-01 
9.542365e-01 
9.542331e-01 
9.542331e-01 
9.542331e-01 
9.542331e-01 
5.232137e-01 
1.800567e-05 
2.714710e-06 
2.677943e-06 
2.677943e-06 
2.677943e-06 
3.461652e-06 
3.268096e-05 
5.227816e-04 
5.228853e-04 
5.228853e-04 
5.228853e-04 
1.391057e-03 
1.509066e-01 
9.542477e-01 
9.542477e-01 
9.542477e-01 
9.542477e-01 
9.542404e-01 
9.542338e-01 
9.542331e-01 
9.542331e-01 
9.542331e-01 
9.542331e-01 
1.389016e-03 
7.140689e-06 
2.677937e-06 
2.677943e-06 
2.677943e-06 
2.680455e-06 
1.001141e-05 
4.908530e-04 
5.228853e-04 
5.228853e-04 
5.228853e-04 
6.673051e-04 
1.170240e-02 
9.542283e-01 
9.542477e-01 
9.542477e-01 
9.542477e-01 
9.542455e-01 
9.542350e-01 
9.542331e-01 
9.542331e-01 
9.542331e-01 
9.542331e-01 
1.114126e-01 
8.077067e-06 
1.601687e-05 
1.601583e-05 
1.601583e-05 
1.601583e-05 
1.803286e-05 
-1.939456e-05 
-4.696524e-04 
-4.696554e-04 
-4.696554e-04 
-4.696554e-04 
-2.684591e-03 
-8.362796e-01 
-9.542476e-01 
-9.542476e-01 
-9.542476e-01 
-9.542476e-01 
-9.542362e-01 
-9.542329e-01 
-9.542328e-01 
-9.542328e-01 
-9.542328e-01 
-7.373576e-01 
-3.473104e-06 
1.575466e-05 
1.601583e-05 
1.601583e-05 
1.601583e-05 
1.647228e-05 
2.187318e-05 
-4.681528e-04 
-4.696554e-04 
-4.696554e-04 
-4.696554e-04 
-1.006962e-03 
0.000000e+00 
0.000000e+00 
0.000000e+00 
0.000000e+00 
0.000000e+00 
0.000000e+00 
0.000000e+00 
0.000000e+00
#[#TRACE_DATA]
#[#TRACE]
