#[TRACE]
#data_labels=Output
#[TRACE_DATA]
4.759941e-06 
8.334001e-06 
1.613026e-05 
1.655230e-05 
1.655230e-05 
1.655230e-05 
1.655230e-05 
1.655230e-05 
1.655230e-05 
1.655230e-05 
1.663449e-05 
1.875694e-05 
2.202163e-05 
-3.958781e-05 
-5.825345e-04 
-5.833323e-04 
-5.833323e-04 
-5.833323e-04 
-5.833323e-04 
-5.833323e-04 
-5.833323e-04 
-5.833323e-04 
-8.135761e-04 
-2.461167e-03 
-1.734794e-02 
-6.725421e-01 
-9.543232e-01 
-9.543232e-01 
-9.543232e-01 
-9.543232e-01 
-9.543232e-01 
-9.543232e-01 
-9.543232e-01 
-9.543232e-01 
-9.542890e-01 
-9.542548e-01 
-9.542463e-01 
-9.542421e-01 
-9.542419e-01 
-9.542419e-01 
-9.542419e-01 
-9.542419e-01 
-9.542419e-01 
-9.542419e-01 
-9.542419e-01 
-8.840304e-01 
-1.937176e-02 
2.379640e-05 
6.364715e-06 
3.329344e-06 
3.328512e-06 
3.328512e-06 
3.328512e-06 
3.328512e-06 
3.328512e-06 
3.328512e-06 
3.328512e-06 
3.820630e-06 
7.735519e-06 
2.704812e-05 
3.424020e-04 
6.443382e-04 
6.443423e-04 
6.443423e-04 
6.443423e-04 
6.443423e-04 
6.443423e-04 
6.443423e-04 
6.443423e-04 
1.115738e-03 
3.721524e-03 
3.937857e-02 
9.312004e-01 
9.543234e-01 
9.543234e-01 
9.543234e-01 
9.543234e-01 
9.543234e-01 
9.543234e-01 
9.543234e-01 
9.543230e-01 
9.542837e-01 
9.542553e-01 
9.542463e-01 
9.542428e-01 
9.542428e-01 
9.542428e-01 
9.542428e-01 
9.542428e-01 
9.542428e-01 
9.542428e-01 
9.542428e-01 
6.399021e-01 
1.488524e-03 
1.563584e-05 
5.995750e-06 
1.655269e-05 
1.655230e-05 
1.655230e-05 
1.655230e-05 
1.655230e-05 
1.655230e-05 
1.655230e-05 
1.655230e-05 
1.754775e-05 
2.045441e-05 
1.857496e-05 
-3.845715e-04 
-5.833322e-04 
-5.833323e-04 
-5.833323e-04 
-5.833323e-04 
-5.833323e-04 
-5.833323e-04 
-5.833323e-04 
-5.846554e-04 
-1.349729e-03 
-5.734391e-03 
-1.088153e-01 
-9.542743e-01 
-9.543232e-01 
-9.543232e-01 
-9.543232e-01 
-9.543232e-01 
-9.543232e-01 
-9.543232e-01 
-9.543232e-01 
-9.543147e-01 
-9.542631e-01 
-9.542496e-01 
-9.542438e-01 
-9.542419e-01 
-9.542419e-01 
-9.542419e-01 
-9.542419e-01 
-9.542419e-01 
-9.542419e-01 
-9.542419e-01 
-9.542419e-01 
-3.576354e-01 
1.682445e-05 
1.092210e-05 
4.198598e-06 
3.302499e-06 
3.302500e-06 
3.302500e-06 
3.302500e-06 
3.302500e-06 
3.302500e-06 
3.302500e-06 
3.302500e-06 
5.231387e-06 
1.323354e-05 
8.634735e-05 
6.341930e-04 
6.443408e-04 
6.443408e-04 
6.443408e-04 
6.443408e-04 
6.443408e-04 
6.443408e-04 
6.443408e-04 
7.468693e-04 
1.876871e-03 
1.006355e-02 
3.511002e-01 
9.543233e-01 
9.543234e-01 
9.543234e-01 
9.543234e-01 
9.543234e-01 
9.543234e-01 
9.543234e-01 
9.543234e-01 
9.543062e-01 
9.542646e-01 
9.542497e-01 
9.542438e-01 
9.542428e-01 
9.542428e-01 
9.542428e-01 
9.542428e-01 
9.542428e-01 
9.542428e-01 
9.542428e-01 
9.542428e-01 
1.120524e-01 
3.820230e-05 
8.019042e-06 
-9.553754e-06 
-9.930949e-06 
-9.930948e-06 
-9.930948e-06 
-9.930948e-06 
-9.930948e-06 
-9.930948e-06 
-9.930948e-06 
-9.836053e-06 
-6.176129e-06 
1.415463e-05 
1.967000e-04 
5.986673e-04 
5.989977e-04 
5.989977e-04 
5.989977e-04 
5.989977e-04 
5.989977e-04 
5.989977e-04 
5.989977e-04 
8.603364e-04 
2.645987e-03 
1.944088e-02 
7.155645e-01 
9.543234e-01 
9.543234e-01 
9.543234e-01 
9.543234e-01 
9.543234e-01 
9.543234e-01 
9.543234e-01 
9.543234e-01 
9.542945e-01 
9.542589e-01 
9.542477e-01 
9.542429e-01 
9.542428e-01 
9.542428e-01 
9.542428e-01 
9.542428e-01 
9.542428e-01 
9.542428e-01 
9.542428e-01 
8.564802e-01 
1.474252e-02 
2.247596e-05 
6.188164e-06 
1.655167e-05 
1.655230e-05 
1.655230e-05 
1.655230e-05 
1.655230e-05 
1.655230e-05 
1.655230e-05 
1.655230e-05 
1.709621e-05 
1.967028e-05 
2.173926e-05 
-1.943967e-04 
-5.833263e-04 
-5.833323e-04 
-5.833323e-04 
-5.833323e-04 
-5.833323e-04 
-5.833323e-04 
-5.833323e-04 
-5.833323e-04 
-1.067393e-03 
-3.845828e-03 
-4.380925e-02 
-9.440899e-01 
-9.543232e-01 
-9.543232e-01 
-9.543232e-01 
-9.543232e-01 
-9.543232e-01 
-9.543232e-01 
-9.543232e-01 
-9.543221e-01 
-9.542712e-01 
-9.542516e-01 
-9.542448e-01 
-9.542419e-01 
-9.542419e-01 
-9.542419e-01 
-9.542419e-01 
-9.542419e-01 
-9.542419e-01 
-9.542419e-01 
-9.542419e-01 
-6.037047e-01 
-7.522921e-04 
1.486195e-05 
6.503457e-06 
1.655256e-05 
1.655230e-05 
1.655230e-05 
1.655230e-05 
1.655230e-05 
1.655230e-05 
1.655230e-05 
1.655230e-05 
1.762220e-05 
2.057801e-05 
1.758732e-05 
-4.165471e-04 
-5.833322e-04 
-5.833323e-04 
-5.833323e-04 
-5.833323e-04 
-5.833323e-04 
-5.833323e-04 
-5.833323e-04 
-5.895475e-04 
-1.402013e-03 
-6.126608e-03 
-1.270170e-01 
-9.543015e-01 
-9.543232e-01 
-9.543232e-01 
-9.543232e-01 
-9.543232e-01 
-9.543232e-01 
-9.543232e-01 
-9.543232e-01 
-9.543133e-01 
-9.542623e-01 
-9.542493e-01 
-9.542437e-01 
-9.542419e-01 
-9.542419e-01 
-9.542419e-01 
-9.542419e-01 
-9.542419e-01 
-9.542419e-01 
-9.542419e-01 
-9.542419e-01 
-3.201513e-01 
2.994963e-05 
1.045721e-05 
4.027018e-06 
3.328512e-06 
3.328512e-06 
3.328512e-06 
3.328512e-06 
3.328512e-06 
3.328512e-06 
3.328512e-06 
3.328512e-06 
5.399088e-06 
1.389317e-05 
9.563250e-05 
6.379223e-04 
6.443423e-04 
6.443423e-04 
6.443423e-04 
6.443423e-04 
6.443423e-04 
6.443423e-04 
6.443423e-04 
7.666162e-04 
1.958757e-03 
1.089543e-02 
4.001741e-01 
9.543234e-01 
9.543234e-01 
9.543234e-01 
9.543234e-01 
9.543234e-01 
9.543234e-01 
9.543234e-01 
9.543234e-01 
9.543047e-01 
9.542637e-01 
9.542494e-01 
9.542436e-01 
9.542428e-01 
9.542428e-01 
9.542428e-01 
9.542428e-01 
9.542428e-01 
9.542428e-01 
9.542428e-01 
9.542428e-01 
9.004183e-02 
3.512065e-05 
7.727512e-06 
1.637116e-05 
1.655230e-05 
1.655230e-05 
1.655230e-05 
1.655230e-05 
1.655230e-05 
1.655230e-05 
1.655230e-05 
1.671863e-05 
1.895774e-05 
2.212716e-05 
-6.408147e-05 
-5.830662e-04 
-5.833323e-04 
-5.833323e-04 
-5.833323e-04 
-5.833323e-04 
-5.833323e-04 
-5.833323e-04 
-5.833323e-04 
-8.640492e-04 
-2.713914e-03 
-2.107162e-02 
-7.559538e-01 
-9.543232e-01 
-9.543232e-01 
-9.543232e-01 
-9.543232e-01 
-9.543232e-01 
-9.543232e-01 
-9.543232e-01 
-9.543232e-01 
-9.542845e-01 
-9.542539e-01 
-9.542459e-01 
-9.542420e-01 
-9.542419e-01 
-9.542419e-01 
-9.542419e-01 
-9.542419e-01 
-9.542419e-01 
-9.542419e-01 
-9.542419e-01 
-8.268846e-01 
-1.001154e-02 
2.115537e-05 
6.015285e-06 
1.655301e-05 
1.655230e-05 
1.655230e-05 
1.655230e-05 
1.655230e-05 
1.655230e-05 
1.655230e-05 
1.655230e-05 
1.716097e-05 
1.978573e-05 
2.151237e-05 
-2.203569e-04 
-5.833290e-04 
-5.833323e-04 
-5.833323e-04 
-5.833323e-04 
-5.833323e-04 
-5.833323e-04 
-5.833323e-04 
-5.833323e-04 
-1.104507e-03 
-4.072599e-03 
-4.970429e-02 
-9.497936e-01 
-9.543232e-01 
-9.543232e-01 
-9.543232e-01 
-9.543232e-01 
-9.543232e-01 
-9.543232e-01 
-9.543232e-01 
-9.543213e-01 
-9.542696e-01 
-9.542512e-01 
-9.542446e-01 
-9.542419e-01 
-9.542419e-01 
-9.542419e-01 
-9.542419e-01 
-9.542419e-01 
-9.542419e-01 
-9.542419e-01 
-9.542419e-01 
-5.670512e-01 
-4.677402e-04 
1.414232e-05 
5.153166e-06 
3.328508e-06 
3.328512e-06 
3.328512e-06 
3.328512e-06 
3.328512e-06 
3.328512e-06 
3.328512e-06 
3.328512e-06 
4.638856e-06 
1.068887e-05 
5.281015e-05 
5.698005e-04 
6.443423e-04 
6.443423e-04 
6.443423e-04 
6.443423e-04 
6.443423e-04 
6.443423e-04 
6.443423e-04 
6.600356e-04 
1.504330e-03 
6.699271e-03 
1.499921e-01 
9.543138e-01 
9.543234e-01 
9.543234e-01 
9.543234e-01 
9.543234e-01 
9.543234e-01 
9.543234e-01 
9.543234e-01 
9.543137e-01 
9.542703e-01 
9.542515e-01 
9.542446e-01 
9.542428e-01 
9.542428e-01 
9.542428e-01 
9.542428e-01 
9.542428e-01 
9.542428e-01 
9.542428e-01 
9.542428e-01 
2.840527e-01 
7.780157e-05 
1.002088e-05 
1.505040e-05 
1.655230e-05 
1.655230e-05 
1.655230e-05 
1.655230e-05 
1.655230e-05 
1.655230e-05 
1.655230e-05 
1.655322e-05 
1.832743e-05 
2.160592e-05 
-4.947163e-06 
-5.751284e-04 
-5.833323e-04 
-5.833323e-04 
-5.833323e-04 
-5.833323e-04 
-5.833323e-04 
-5.833323e-04 
-5.833323e-04 
-7.142142e-04 
-1.994671e-03 
-1.158872e-02 
-4.501949e-01 
-9.543232e-01 
-9.543232e-01 
-9.543232e-01 
-9.543232e-01 
-9.543232e-01 
-9.543232e-01 
-9.543232e-01 
-9.543232e-01 
-9.542988e-01 
-9.542569e-01 
-9.542472e-01 
-9.542426e-01 
-9.542419e-01 
-9.542419e-01 
-9.542419e-01 
-9.542419e-01 
-9.542419e-01 
-9.542419e-01 
-9.542419e-01 
-9.542419e-01 
-7.005902e-02 
3.151405e-05 
7.449860e-06 
1.644252e-05 
1.655230e-05 
1.655230e-05 
1.655230e-05 
1.655230e-05 
1.655230e-05 
1.655230e-05 
1.655230e-05 
1.676850e-05 
1.906104e-05 
2.215274e-05 
-7.894925e-05 
-5.831805e-04 
-5.833323e-04 
-5.833323e-04 
-5.833323e-04 
-5.833323e-04 
-5.833323e-04 
-5.833323e-04 
-5.833323e-04 
-8.910856e-04 
-2.853836e-03 
-2.332917e-02 
-7.939016e-01 
-9.543232e-01 
-9.543232e-01 
-9.543232e-01 
-9.543232e-01 
-9.543232e-01 
-9.543232e-01 
-9.543232e-01 
-9.543232e-01 
-9.542822e-01 
-9.542535e-01 
-9.542457e-01 
-9.542420e-01 
-9.542419e-01 
-9.542419e-01 
-9.542419e-01 
-9.542419e-01 
-9.542419e-01 
-9.542419e-01 
-9.542419e-01 
-7.956758e-01 
-7.048052e-03 
1.998229e-05 
5.865421e-06 
1.655341e-05 
1.655230e-05 
1.655230e-05 
1.655230e-05 
1.655230e-05 
1.655230e-05 
1.655230e-05 
1.655230e-05 
1.722718e-05 
1.990283e-05 
2.121634e-05 
-2.475809e-04 
-5.833305e-04 
-5.833323e-04 
-5.833323e-04 
-5.833323e-04 
-5.833323e-04 
-5.833323e-04 
-5.833323e-04 
-5.833323e-04 
-1.143542e-03 
-4.317995e-03 
-5.663960e-02 
-9.523177e-01 
-9.543232e-01 
-9.543232e-01 
-9.543232e-01 
-9.543232e-01 
-9.543232e-01 
-9.543232e-01 
-9.543232e-01 
-9.543203e-01 
-9.542682e-01 
-9.542509e-01 
-9.542445e-01 
-9.542419e-01 
-9.542419e-01 
-9.542419e-01 
-9.542419e-01 
-9.542419e-01 
-9.542419e-01 
-9.542419e-01 
-9.542419e-01 
-5.299571e-01 
-2.786745e-04 
1.347132e-05 
8.424842e-06 
1.655241e-05 
1.655230e-05 
1.655230e-05 
1.655230e-05 
1.655230e-05 
1.655230e-05 
1.655230e-05 
1.655230e-05 
1.777586e-05 
2.082611e-05 
1.494517e-05 
-4.789043e-04 
-5.833323e-04 
-5.833323e-04 
-5.833323e-04 
-5.833323e-04 
-5.833323e-04 
-5.833323e-04 
-5.833323e-04 
-6.080715e-04 
-1.515607e-03 
-7.026513e-03 
-1.744157e-01 
-9.543189e-01 
-9.543232e-01 
-9.543232e-01 
-9.543232e-01 
-9.543232e-01 
-9.543232e-01 
-9.543232e-01 
-9.543232e-01 
-9.543103e-01 
-9.542607e-01 
-9.542488e-01 
-9.542434e-01 
-9.542419e-01 
-9.542419e-01 
-9.542419e-01 
-9.542419e-01 
-9.542419e-01 
-9.542419e-01 
-9.542419e-01 
-9.542419e-01 
-2.476384e-01 
3.988074e-05 
9.610012e-06 
3.698769e-06 
3.328512e-06 
3.328512e-06 
3.328512e-06 
3.328512e-06 
3.328512e-06 
3.328512e-06 
3.328512e-06 
3.332436e-06 
5.673761e-06 
1.516996e-05 
1.172157e-04 
6.419321e-04 
6.443423e-04 
6.443423e-04 
6.443423e-04 
6.443423e-04 
6.443423e-04 
6.443423e-04 
6.443423e-04 
8.089208e-04 
2.138649e-03 
1.285435e-02 
5.019202e-01 
9.543234e-01 
9.543234e-01 
9.543234e-01 
9.543234e-01 
9.543234e-01 
9.543234e-01 
9.543234e-01 
9.543234e-01 
9.543017e-01 
9.542621e-01 
9.542489e-01 
9.542433e-01 
9.542428e-01 
9.542428e-01 
9.542428e-01 
9.542428e-01 
9.542428e-01 
9.542428e-01 
9.542428e-01 
9.521655e-01 
5.542838e-02 
3.020202e-05 
7.184370e-06 
3.337034e-06 
3.328512e-06 
3.328512e-06 
3.328512e-06 
3.328512e-06 
3.328512e-06 
3.328512e-06 
3.328512e-06 
3.588871e-06 
6.957052e-06 
2.205622e-05 
2.541194e-04 
6.443066e-04 
6.443423e-04 
6.443423e-04 
6.443423e-04 
6.443423e-04 
6.443423e-04 
6.443423e-04 
6.443423e-04 
1.004713e-03 
3.076131e-03 
2.635708e-02 
8.292815e-01 
9.543234e-01 
9.543234e-01 
9.543234e-01 
9.543234e-01 
9.543234e-01 
9.543234e-01 
9.543234e-01 
9.543234e-01 
9.542895e-01 
9.542572e-01 
9.542471e-01 
9.542428e-01 
9.542428e-01 
9.542428e-01 
9.542428e-01 
9.542428e-01 
9.542428e-01 
9.542428e-01 
9.542428e-01 
7.631768e-01 
5.387108e-03 
1.890697e-05 
5.747249e-06 
1.655338e-05 
1.655230e-05 
1.655230e-05 
1.655230e-05 
1.655230e-05 
1.655230e-05 
1.655230e-05 
1.655230e-05 
1.729483e-05 
2.002146e-05 
2.083857e-05 
-2.759465e-04 
-5.833313e-04 
-5.833323e-04 
-5.833323e-04 
-5.833323e-04 
-5.833323e-04 
-5.833323e-04 
-5.833323e-04 
-5.833323e-04 
-1.184624e-03 
-4.583958e-03 
-6.483310e-02 
-9.534350e-01 
-9.543232e-01 
-9.543232e-01 
-9.543232e-01 
-9.543232e-01 
-9.543232e-01 
-9.543232e-01 
-9.543232e-01 
-9.543192e-01 
-9.542669e-01 
-9.542506e-01 
-9.542443e-01 
-9.542419e-01 
-9.542419e-01 
-9.542419e-01 
-9.542419e-01 
-9.542419e-01 
-9.542419e-01 
-9.542419e-01 
-9.542419e-01 
-4.924926e-01 
-1.549559e-04 
1.284471e-05 
9.708721e-06 
1.655237e-05 
1.655230e-05 
1.655230e-05 
1.655230e-05 
1.655230e-05 
1.655230e-05 
1.655230e-05 
1.655230e-05 
1.785513e-05 
2.094988e-05 
1.320539e-05 
-5.056082e-04 
-5.833323e-04 
-5.833323e-04 
-5.833323e-04 
-5.833323e-04 
-5.833323e-04 
-5.833323e-04 
-5.833323e-04 
-6.206476e-04 
-1.577346e-03 
-7.543680e-03 
-2.046163e-01 
-9.543213e-01 
-9.543232e-01 
-9.543232e-01 
-9.543232e-01 
-9.543232e-01 
-9.543232e-01 
-9.543232e-01 
-9.543232e-01 
-9.543088e-01 
-9.542601e-01 
-9.542485e-01 
-9.542432e-01 
-9.542419e-01 
-9.542419e-01 
-9.542419e-01 
-9.542419e-01 
-9.542419e-01 
-9.542419e-01 
-9.542419e-01 
-9.542419e-01 
-2.134570e-01 
4.056650e-05 
9.223734e-06 
3.550107e-06 
3.302499e-06 
3.302500e-06 
3.302500e-06 
3.302500e-06 
3.302500e-06 
3.302500e-06 
3.302500e-06 
3.315211e-06 
5.778047e-06 
1.578227e-05 
1.297103e-04 
6.429031e-04 
6.443408e-04 
6.443408e-04 
6.443408e-04 
6.443408e-04 
6.443408e-04 
6.443408e-04 
6.443408e-04 
8.314751e-04 
2.237469e-03 
1.401045e-02 
5.521871e-01 
9.543234e-01 
9.543234e-01 
9.543234e-01 
9.543234e-01 
9.543234e-01 
9.543234e-01 
9.543234e-01 
9.543234e-01 
9.543002e-01 
9.542614e-01 
9.542486e-01 
9.542432e-01 
9.542428e-01 
9.542428e-01 
9.542428e-01 
9.542428e-01 
9.542428e-01 
9.542428e-01 
9.542428e-01 
9.401995e-01 
4.249982e-02 
2.817906e-05 
6.936469e-06 
3.333131e-06 
3.328512e-06 
3.328512e-06 
3.328512e-06 
3.328512e-06 
3.328512e-06 
3.328512e-06 
3.328512e-06 
3.649302e-06 
7.162293e-06 
2.330892e-05 
2.780993e-04 
6.443227e-04 
6.443423e-04 
6.443423e-04 
6.443423e-04 
6.443423e-04 
6.443423e-04 
6.443423e-04 
6.443423e-04 
1.035020e-03 
3.240673e-03 
2.936347e-02 
8.619356e-01 
9.543234e-01 
9.543234e-01 
9.543234e-01 
9.543234e-01 
9.543234e-01 
9.543234e-01 
9.543234e-01 
9.543234e-01 
9.542879e-01 
9.542566e-01 
9.542468e-01 
9.542428e-01 
9.542428e-01 
9.542428e-01 
9.542428e-01 
9.542428e-01 
9.542428e-01 
9.542428e-01 
9.542428e-01 
7.296061e-01 
3.782242e-03 
1.789741e-05 
5.677294e-06 
1.655319e-05 
1.655230e-05 
1.655230e-05 
1.655230e-05 
1.655230e-05 
1.655230e-05 
1.655230e-05 
1.655230e-05 
1.736392e-05 
2.014151e-05 
2.036413e-05 
-3.053433e-04 
-5.833317e-04 
-5.833323e-04 
-5.833323e-04 
-5.833323e-04 
-5.833323e-04 
-5.833323e-04 
-5.833323e-04 
-5.833323e-04 
-1.227885e-03 
-4.872673e-03 
-7.455074e-02 
-9.539297e-01 
-9.543232e-01 
-9.543232e-01 
-9.543232e-01 
-9.543232e-01 
-9.543232e-01 
-9.543232e-01 
-9.543232e-01 
-9.543181e-01 
-9.542657e-01 
-9.542503e-01 
-9.542442e-01 
-9.542419e-01 
-9.542419e-01 
-9.542419e-01 
-9.542419e-01 
-9.542419e-01 
-9.542419e-01 
-9.542419e-01 
-9.542419e-01 
-4.547435e-01 
-7.539164e-05 
1.225880e-05 
4.739148e-06 
3.302499e-06 
3.302500e-06 
3.302500e-06 
3.302500e-06 
3.302500e-06 
3.302500e-06 
3.302500e-06 
3.302500e-06 
4.925366e-06 
1.191840e-05 
6.795209e-05 
6.153820e-04 
6.443408e-04 
6.443408e-04 
6.443408e-04 
6.443408e-04 
6.443408e-04 
6.443408e-04 
6.443408e-04 
7.010520e-04 
1.688848e-03 
8.285343e-03 
2.409270e-01 
9.543226e-01 
9.543234e-01 
9.543234e-01 
9.543234e-01 
9.543234e-01 
9.543234e-01 
9.543234e-01 
9.543234e-01 
9.543098e-01 
9.542670e-01 
9.542505e-01 
9.542441e-01 
9.542428e-01 
9.542428e-01 
9.542428e-01 
9.542428e-01 
9.542428e-01 
9.542428e-01 
9.542428e-01 
9.542428e-01 
1.823118e-01 
4.955489e-05 
8.860735e-06 
1.584437e-05 
1.655230e-05 
1.655230e-05 
1.655230e-05 
1.655230e-05 
1.655230e-05 
1.655230e-05 
1.655230e-05 
1.658829e-05 
1.860541e-05 
2.190075e-05 
-2.481413e-05 
-5.815026e-04 
-5.833323e-04 
-5.833323e-04 
-5.833323e-04 
-5.833323e-04 
-5.833323e-04 
-5.833323e-04 
-5.833323e-04 
-7.772176e-04 
-2.285824e-03 
-1.502001e-02 
-6.006236e-01 
-9.543232e-01 
-9.543232e-01 
-9.543232e-01 
-9.543232e-01 
-9.543232e-01 
-9.543232e-01 
-9.543232e-01 
-9.543232e-01 
-9.542925e-01 
-9.542554e-01 
-9.542466e-01 
-9.542422e-01 
-9.542419e-01 
-9.542419e-01 
-9.542419e-01 
-9.542419e-01 
-9.542419e-01 
-9.542419e-01 
-9.542419e-01 
-9.214901e-01 
-3.117743e-02 
2.616561e-05 
6.710684e-06 
1.653580e-05 
1.655230e-05 
1.655230e-05 
1.655230e-05 
1.655230e-05 
1.655230e-05 
1.655230e-05 
1.655230e-05 
1.693735e-05 
1.938245e-05 
2.207467e-05 
-1.345863e-04 
-5.833052e-04 
-5.833323e-04 
-5.833323e-04 
-5.833323e-04 
-5.833323e-04 
-5.833323e-04 
-5.833323e-04 
-5.833323e-04 
-9.802742e-04 
-3.338239e-03 
-3.230360e-02 
-8.916972e-01 
-9.543232e-01 
-9.543232e-01 
-9.543232e-01 
-9.543232e-01 
-9.543232e-01 
-9.543232e-01 
-9.543232e-01 
-9.543232e-01 
-9.542758e-01 
-9.542524e-01 
-9.542452e-01 
-9.542419e-01 
-9.542419e-01 
-9.542419e-01 
-9.542419e-01 
-9.542419e-01 
-9.542419e-01 
-9.542419e-01 
-9.542419e-01 
-6.951289e-01 
-2.255373e-03 
1.695946e-05 
5.394054e-06 
3.328505e-06 
3.328512e-06 
3.328512e-06 
3.328512e-06 
3.328512e-06 
3.328512e-06 
3.328512e-06 
3.328512e-06 
4.299768e-06 
9.407261e-06 
4.018390e-05 
4.923014e-04 
6.443422e-04 
6.443423e-04 
6.443423e-04 
6.443423e-04 
6.443423e-04 
6.443423e-04 
6.443423e-04 
6.443423e-04 
1.329865e-03 
5.303632e-03 
8.712908e-02 
9.541491e-01 
9.543234e-01 
9.543234e-01 
9.543234e-01 
9.543234e-01 
9.543234e-01 
9.543234e-01 
9.543234e-01 
9.543179e-01 
9.542748e-01 
9.542527e-01 
9.542452e-01 
9.542428e-01 
9.542428e-01 
9.542428e-01 
9.542428e-01 
9.542428e-01 
9.542428e-01 
9.542428e-01 
9.542428e-01 
4.171515e-01 
1.852322e-04 
1.171074e-05 
1.226330e-05 
1.655233e-05 
1.655230e-05 
1.655230e-05 
1.655230e-05 
1.655230e-05 
1.655230e-05 
1.655230e-05 
1.655230e-05 
1.801871e-05 
2.119447e-05 
8.612720e-06 
-5.448435e-04 
-5.833323e-04 
-5.833323e-04 
-5.833323e-04 
-5.833323e-04 
-5.833323e-04 
-5.833323e-04 
-5.833323e-04 
-6.503904e-04 
-1.711924e-03 
-8.741611e-03 
-2.793918e-01 
-9.543228e-01 
-9.543232e-01 
-9.543232e-01 
-9.543232e-01 
-9.543232e-01 
-9.543232e-01 
-9.543232e-01 
-9.543232e-01 
-9.543054e-01 
-9.542588e-01 
-9.542481e-01 
-9.542430e-01 
-9.542419e-01 
-9.542419e-01 
-9.542419e-01 
-9.542419e-01 
-9.542419e-01 
-9.542419e-01 
-9.542419e-01 
-9.542419e-01 
-1.515583e-01 
3.843271e-05 
8.517284e-06 
3.403178e-06 
3.302500e-06 
3.302500e-06 
3.302500e-06 
3.302500e-06 
3.302500e-06 
3.302500e-06 
3.302500e-06 
3.355942e-06 
6.088237e-06 
1.734775e-05 
1.602545e-04 
6.438513e-04 
6.443408e-04 
6.443408e-04 
6.443408e-04 
6.443408e-04 
6.443408e-04 
6.443408e-04 
6.443408e-04 
8.795113e-04 
2.455279e-03 
1.676871e-02 
6.474696e-01 
9.543234e-01 
9.543234e-01 
9.543234e-01 
9.543234e-01 
9.543234e-01 
9.543234e-01 
9.543234e-01 
9.543234e-01 
9.542970e-01 
9.542599e-01 
9.542481e-01 
9.542430e-01 
9.542428e-01 
9.542428e-01 
9.542428e-01 
9.542428e-01 
9.542428e-01 
9.542428e-01 
9.542428e-01 
8.984255e-01 
2.393970e-02 
2.473682e-05 
6.494427e-06 
1.654530e-05 
1.655230e-05 
1.655230e-05 
1.655230e-05 
1.655230e-05 
1.655230e-05 
1.655230e-05 
1.655230e-05 
1.699805e-05 
1.949336e-05 
2.198013e-05 
-1.566866e-04 
-5.833172e-04 
-5.833323e-04 
-5.833323e-04 
-5.833323e-04 
-5.833323e-04 
-5.833323e-04 
-5.833323e-04 
-5.833323e-04 
-1.012975e-03 
-3.524735e-03 
-3.626900e-02 
-9.183331e-01 
-9.543232e-01 
-9.543232e-01 
-9.543232e-01 
-9.543232e-01 
-9.543232e-01 
-9.543232e-01 
-9.543232e-01 
-9.543229e-01 
-9.542739e-01 
-9.542521e-01 
-9.542450e-01 
-9.542419e-01 
-9.542419e-01 
-9.542419e-01 
-9.542419e-01 
-9.542419e-01 
-9.542419e-01 
-9.542419e-01 
-9.542419e-01 
-6.599325e-01 
-1.493705e-03 
1.609413e-05 
5.828563e-06 
1.655278e-05 
1.655230e-05 
1.655230e-05 
1.655230e-05 
1.655230e-05 
1.655230e-05 
1.655230e-05 
1.655230e-05 
1.750655e-05 
2.038519e-05 
1.905107e-05 
-3.667809e-04 
-5.833321e-04 
-5.833323e-04 
-5.833323e-04 
-5.833323e-04 
-5.833323e-04 
-5.833323e-04 
-5.833323e-04 
-5.834697e-04 
-1.321538e-03 
-5.528558e-03 
-9.990914e-02 
-9.542459e-01 
-9.543232e-01 
-9.543232e-01 
-9.543232e-01 
-9.543232e-01 
-9.543232e-01 
-9.543232e-01 
-9.543232e-01 
-9.543155e-01 
-9.542636e-01 
-9.542497e-01 
-9.542439e-01 
-9.542419e-01 
-9.542419e-01 
-9.542419e-01 
-9.542419e-01 
-9.542419e-01 
-9.542419e-01 
-9.542419e-01 
-9.542419e-01 
-3.788965e-01 
5.422186e-06 
1.119686e-05 
4.316141e-06 
3.302499e-06 
3.302500e-06 
3.302500e-06 
3.302500e-06 
3.302500e-06 
3.302500e-06 
3.302500e-06 
3.302500e-06 
5.161492e-06 
1.292628e-05 
8.179356e-05 
6.313572e-04 
6.443408e-04 
6.443408e-04 
6.443408e-04 
6.443408e-04 
6.443408e-04 
6.443408e-04 
6.443408e-04 
7.361924e-04 
1.832997e-03 
9.632514e-03 
3.246978e-01 
9.543233e-01 
9.543234e-01 
9.543234e-01 
9.543234e-01 
9.543234e-01 
9.543234e-01 
9.543234e-01 
9.543234e-01 
9.543070e-01 
9.542651e-01 
9.542499e-01 
9.542438e-01 
9.542428e-01 
9.542428e-01 
9.542428e-01 
9.542428e-01 
9.542428e-01 
9.542428e-01 
9.542428e-01 
9.542428e-01 
1.258211e-01 
4.019351e-05 
8.195408e-06 
1.619548e-05 
1.655230e-05 
1.655230e-05 
1.655230e-05 
1.655230e-05 
1.655230e-05 
1.655230e-05 
1.655230e-05 
1.665074e-05 
1.880020e-05 
2.205002e-05 
-4.437898e-05 
-5.827029e-04 
-5.833323e-04 
-5.833323e-04 
-5.833323e-04 
-5.833323e-04 
-5.833323e-04 
-5.833323e-04 
-5.833323e-04 
-8.242257e-04 
-2.513586e-03 
-1.808379e-02 
-6.916342e-01 
-9.543232e-01 
-9.543232e-01 
-9.543232e-01 
-9.543232e-01 
-9.543232e-01 
-9.543232e-01 
-9.543232e-01 
-9.543232e-01 
-9.542880e-01 
-9.542546e-01 
-9.542462e-01 
-9.542420e-01 
-9.542419e-01 
-9.542419e-01 
-9.542419e-01 
-9.542419e-01 
-9.542419e-01 
-9.542419e-01 
-9.542419e-01 
-8.722595e-01 
-1.684822e-02 
2.318278e-05 
6.293725e-06 
1.655018e-05 
1.655230e-05 
1.655230e-05 
1.655230e-05 
1.655230e-05 
1.655230e-05 
1.655230e-05 
1.655230e-05 
1.706044e-05 
1.960609e-05 
2.184057e-05 
-1.803996e-04 
-5.833239e-04 
-5.833323e-04 
-5.833323e-04 
-5.833323e-04 
-5.833323e-04 
-5.833323e-04 
-5.833323e-04 
-5.833323e-04 
-1.047316e-03 
-3.725794e-03 
-4.088217e-02 
-9.381264e-01 
-9.543232e-01 
-9.543232e-01 
-9.543232e-01 
-9.543232e-01 
-9.543232e-01 
-9.543232e-01 
-9.543232e-01 
-9.543224e-01 
-9.542721e-01 
-9.542517e-01 
-9.542449e-01 
-9.542419e-01 
-9.542419e-01 
-9.542419e-01 
-9.542419e-01 
-9.542419e-01 
-9.542419e-01 
-9.542419e-01 
-9.542419e-01 
-6.241042e-01 
-9.695684e-04 
1.528968e-05 
6.181733e-06 
1.655263e-05 
1.655230e-05 
1.655230e-05 
1.655230e-05 
1.655230e-05 
1.655230e-05 
1.655230e-05 
1.655230e-05 
1.758013e-05 
2.050841e-05 
1.816640e-05 
-3.985176e-04 
-5.833322e-04 
-5.833323e-04 
-5.833323e-04 
-5.833323e-04 
-5.833323e-04 
-5.833323e-04 
-5.833323e-04 
-5.863833e-04 
-1.372253e-03 
-5.901686e-03 
-1.163838e-01 
-9.542889e-01 
-9.543232e-01 
-9.543232e-01 
-9.543232e-01 
-9.543232e-01 
-9.543232e-01 
-9.543232e-01 
-9.543232e-01 
-9.543141e-01 
-9.542627e-01 
-9.542495e-01 
-9.542437e-01 
-9.542419e-01 
-9.542419e-01 
-9.542419e-01 
-9.542419e-01 
-9.542419e-01 
-9.542419e-01 
-9.542419e-01 
-9.542419e-01 
-3.411749e-01 
2.352848e-05 
1.071510e-05 
4.110503e-06 
3.302499e-06 
3.302500e-06 
3.302500e-06 
3.302500e-06 
3.302500e-06 
3.302500e-06 
3.302500e-06 
3.302500e-06 
5.286861e-06 
1.348035e-05 
9.011697e-05 
6.360098e-04 
6.443408e-04 
6.443408e-04 
6.443408e-04 
6.443408e-04 
6.443408e-04 
6.443408e-04 
6.443408e-04 
7.553890e-04 
1.912067e-03 
1.041670e-02 
3.722839e-01 
9.543234e-01 
9.543234e-01 
9.543234e-01 
9.543234e-01 
9.543234e-01 
9.543234e-01 
9.543234e-01 
9.543234e-01 
9.543056e-01 
9.542642e-01 
9.542496e-01 
9.542437e-01 
9.542428e-01 
9.542428e-01 
9.542428e-01 
9.542428e-01 
9.542428e-01 
9.542428e-01 
9.542428e-01 
9.542428e-01 
1.020316e-01 
3.678947e-05 
7.891032e-06 
1.631772e-05 
1.655230e-05 
1.655230e-05 
1.655230e-05 
1.655230e-05 
1.655230e-05 
1.655230e-05 
1.655230e-05 
1.669260e-05 
1.890048e-05 
2.210414e-05 
-5.650625e-05 
-5.829686e-04 
-5.833323e-04 
-5.833323e-04 
-5.833323e-04 
-5.833323e-04 
-5.833323e-04 
-5.833323e-04 
-5.833323e-04 
-8.493823e-04 
-2.639337e-03 
-1.992632e-02 
-7.334991e-01 
-9.543232e-01 
-9.543232e-01 
-9.543232e-01 
-9.543232e-01 
-9.543232e-01 
-9.543232e-01 
-9.543232e-01 
-9.543232e-01 
-9.542858e-01 
-9.542542e-01 
-9.542460e-01 
-9.542420e-01 
-9.542419e-01 
-9.542419e-01 
-9.542419e-01 
-9.542419e-01 
-9.542419e-01 
-9.542419e-01 
-9.542419e-01 
-8.437532e-01 
-1.212243e-02 
2.185675e-05 
6.110056e-06 
1.655242e-05 
1.655230e-05 
1.655230e-05 
1.655230e-05 
1.655230e-05 
1.655230e-05 
1.655230e-05 
1.655230e-05 
1.712436e-05 
1.972058e-05 
2.164778e-05 
-2.055900e-04 
-5.833276e-04 
-5.833323e-04 
-5.833323e-04 
-5.833323e-04 
-5.833323e-04 
-5.833323e-04 
-5.833323e-04 
-5.833323e-04 
-1.083401e-03 
-3.942861e-03 
-4.627248e-02 
-9.471549e-01 
-9.543232e-01 
-9.543232e-01 
-9.543232e-01 
-9.543232e-01 
-9.543232e-01 
-9.543232e-01 
-9.543232e-01 
-9.543217e-01 
-9.542705e-01 
-9.542514e-01 
-9.542447e-01 
-9.542419e-01 
-9.542419e-01 
-9.542419e-01 
-9.542419e-01 
-9.542419e-01 
-9.542419e-01 
-9.542419e-01 
-9.542419e-01 
-5.877278e-01 
-6.136697e-04 
1.454085e-05 
5.186284e-06 
3.328507e-06 
3.328512e-06 
3.328512e-06 
3.328512e-06 
3.328512e-06 
3.328512e-06 
3.328512e-06 
3.328512e-06 
4.582269e-06 
1.046889e-05 
5.047113e-05 
5.586341e-04 
6.443423e-04 
6.443423e-04 
6.443423e-04 
6.443423e-04 
6.443423e-04 
6.443423e-04 
6.443423e-04 
6.546925e-04 
1.473672e-03 
6.448353e-03 
1.372957e-01 
9.543082e-01 
9.543234e-01 
9.543234e-01 
9.543234e-01 
9.543234e-01 
9.543234e-01 
9.543234e-01 
9.543234e-01 
9.543144e-01 
9.542710e-01 
9.542516e-01 
9.542447e-01 
9.542428e-01 
9.542428e-01 
9.542428e-01 
9.542428e-01 
9.542428e-01 
9.542428e-01 
9.542428e-01 
9.542428e-01 
3.045791e-01 
8.690978e-05 
1.026313e-05 
1.478626e-05 
1.655230e-05 
1.655230e-05 
1.655230e-05 
1.655230e-05 
1.655230e-05 
1.655230e-05 
1.655230e-05 
1.655242e-05 
1.827717e-05 
2.154420e-05 
-2.210082e-06 
-5.726497e-04 
-5.833323e-04 
-5.833323e-04 
-5.833323e-04 
-5.833323e-04 
-5.833323e-04 
-5.833323e-04 
-5.833323e-04 
-7.033390e-04 
-1.945890e-03 
-1.106445e-02 
-4.214479e-01 
-9.543232e-01 
-9.543232e-01 
-9.543232e-01 
-9.543232e-01 
-9.543232e-01 
-9.543232e-01 
-9.543232e-01 
-9.543232e-01 
-9.542999e-01 
-9.542572e-01 
-9.542474e-01 
-9.542426e-01 
-9.542419e-01 
-9.542419e-01 
-9.542419e-01 
-9.542419e-01 
-9.542419e-01 
-9.542419e-01 
-9.542419e-01 
-9.542419e-01 
-8.025039e-02 
3.261844e-05 
7.601739e-06 
3.349575e-06 
3.328512e-06 
3.328512e-06 
3.328512e-06 
3.328512e-06 
3.328512e-06 
3.328512e-06 
3.328512e-06 
3.503584e-06 
6.654994e-06 
2.029159e-05 
2.187666e-04 
6.442530e-04 
6.443423e-04 
6.443423e-04 
6.443423e-04 
6.443423e-04 
6.443423e-04 
6.443423e-04 
6.443423e-04 
9.593344e-04 
2.841280e-03 
2.241403e-02 
7.729030e-01 
9.543234e-01 
9.543234e-01 
9.543234e-01 
9.543234e-01 
9.543234e-01 
9.543234e-01 
9.543234e-01 
9.543234e-01 
9.542921e-01 
9.542581e-01 
9.542474e-01 
9.542428e-01 
9.542428e-01 
9.542428e-01 
9.542428e-01 
9.542428e-01 
9.542428e-01 
9.542428e-01 
9.542428e-01 
8.134174e-01 
9.204332e-03 
2.065464e-05 
5.946504e-06 
1.655326e-05 
1.655230e-05 
1.655230e-05 
1.655230e-05 
1.655230e-05 
1.655230e-05 
1.655230e-05 
1.655230e-05 
1.718976e-05 
1.983676e-05 
2.139206e-05 
-2.321191e-04 
-5.833297e-04 
-5.833323e-04 
-5.833323e-04 
-5.833323e-04 
-5.833323e-04 
-5.833323e-04 
-5.833323e-04 
-5.833323e-04 
-1.121341e-03 
-4.177556e-03 
-5.259855e-02 
-9.511499e-01 
-9.543232e-01 
-9.543232e-01 
-9.543232e-01 
-9.543232e-01 
-9.543232e-01 
-9.543232e-01 
-9.543232e-01 
-9.543209e-01 
-9.542690e-01 
-9.542511e-01 
-9.542446e-01 
-9.542419e-01 
-9.542419e-01 
-9.542419e-01 
-9.542419e-01 
-9.542419e-01 
-9.542419e-01 
-9.542419e-01 
-9.542419e-01 
-5.508733e-01 
-3.752940e-04 
1.384309e-05 
7.773715e-06 
1.655244e-05 
1.655230e-05 
1.655230e-05 
1.655230e-05 
1.655230e-05 
1.655230e-05 
1.655230e-05 
1.655230e-05 
1.773199e-05 
2.075632e-05 
1.579122e-05 
-4.621888e-04 
-5.833323e-04 
-5.833323e-04 
-5.833323e-04 
-5.833323e-04 
-5.833323e-04 
-5.833323e-04 
-5.833323e-04 
-6.018659e-04 
-1.482374e-03 
-6.756372e-03 
-1.594284e-01 
-9.543165e-01 
-9.543232e-01 
-9.543232e-01 
-9.543232e-01 
-9.543232e-01 
-9.543232e-01 
-9.543232e-01 
-9.543232e-01 
-9.543112e-01 
-9.542612e-01 
-9.542489e-01 
-9.542435e-01 
-9.542419e-01 
-9.542419e-01 
-9.542419e-01 
-9.542419e-01 
-9.542419e-01 
-9.542419e-01 
-9.542419e-01 
-9.542419e-01 
-2.675697e-01 
3.854652e-05 
9.837838e-06 
3.782715e-06 
3.328512e-06 
3.328512e-06 
3.328512e-06 
3.328512e-06 
3.328512e-06 
3.328512e-06 
3.328512e-06 
3.330020e-06 
5.594176e-06 
1.479326e-05 
1.106037e-04 
6.411426e-04 
6.443423e-04 
6.443423e-04 
6.443423e-04 
6.443423e-04 
6.443423e-04 
6.443423e-04 
6.443423e-04 
7.966460e-04 
2.085751e-03 
1.225914e-02 
4.732390e-01 
9.543234e-01 
9.543234e-01 
9.543234e-01 
9.543234e-01 
9.543234e-01 
9.543234e-01 
9.543234e-01 
9.543234e-01 
9.543026e-01 
9.542625e-01 
9.542490e-01 
9.542434e-01 
9.542428e-01 
9.542428e-01 
9.542428e-01 
9.542428e-01 
9.542428e-01 
9.542428e-01 
9.542428e-01 
9.542428e-01 
6.393503e-02 
3.145262e-05 
7.333465e-06 
1.646563e-05 
1.655230e-05 
1.655230e-05 
1.655230e-05 
1.655230e-05 
1.655230e-05 
1.655230e-05 
1.655230e-05 
1.679153e-05 
1.910684e-05 
2.215699e-05 
-8.603039e-05 
-5.832138e-04 
-5.833323e-04 
-5.833323e-04 
-5.833323e-04 
-5.833323e-04 
-5.833323e-04 
-5.833323e-04 
-5.833323e-04 
-9.033161e-04 
-2.918183e-03 
-2.441606e-02 
-8.096970e-01 
-9.543232e-01 
-9.543232e-01 
-9.543232e-01 
-9.543232e-01 
-9.543232e-01 
-9.543232e-01 
-9.543232e-01 
-9.543232e-01 
-9.542813e-01 
-9.542534e-01 
-9.542457e-01 
-9.542419e-01 
-9.542419e-01 
-9.542419e-01 
-9.542419e-01 
-9.542419e-01 
-9.542419e-01 
-9.542419e-01 
-9.542419e-01 
-7.815968e-01 
-6.018293e-03 
1.949711e-05 
5.809087e-06 
1.655343e-05 
1.655230e-05 
1.655230e-05 
1.655230e-05 
1.655230e-05 
1.655230e-05 
1.655230e-05 
1.655230e-05 
1.725660e-05 
1.995454e-05 
2.106195e-05 
-2.598567e-04 
-5.833309e-04 
-5.833323e-04 
-5.833323e-04 
-5.833323e-04 
-5.833323e-04 
-5.833323e-04 
-5.833323e-04 
-5.833323e-04 
-1.161255e-03 
-4.431697e-03 
-6.005485e-02 
-9.529180e-01 
-9.543232e-01 
-9.543232e-01 
-9.543232e-01 
-9.543232e-01 
-9.543232e-01 
-9.543232e-01 
-9.543232e-01 
-9.543199e-01 
-9.542676e-01 
-9.542508e-01 
-9.542444e-01 
-9.542419e-01 
-9.542419e-01 
-9.542419e-01 
-9.542419e-01 
-9.542419e-01 
-9.542419e-01 
-9.542419e-01 
-9.542419e-01 
-5.136079e-01 
-2.179336e-04 
1.319194e-05 
8.972464e-06 
1.655239e-05 
1.655230e-05 
1.655230e-05 
1.655230e-05 
1.655230e-05 
1.655230e-05 
1.655230e-05 
1.655230e-05 
1.781033e-05 
2.088032e-05 
1.422331e-05 
-4.911120e-04 
-5.833323e-04 
-5.833323e-04 
-5.833323e-04 
-5.833323e-04 
-5.833323e-04 
-5.833323e-04 
-5.833323e-04 
-6.133506e-04 
-1.542189e-03 
-7.246721e-03 
-1.870525e-01 
-9.543202e-01 
-9.543232e-01 
-9.543232e-01 
-9.543232e-01 
-9.543232e-01 
-9.543232e-01 
-9.543232e-01 
-9.543232e-01 
-9.543097e-01 
-9.542604e-01 
-9.542487e-01 
-9.542433e-01 
-9.542419e-01 
-9.542419e-01 
-9.542419e-01 
-9.542419e-01 
-9.542419e-01 
-9.542419e-01 
-9.542419e-01 
-9.542419e-01 
-2.324680e-01 
4.040177e-05 
9.438621e-06 
1.549319e-05 
1.655230e-05 
1.655230e-05 
1.655230e-05 
1.655230e-05 
1.655230e-05 
1.655230e-05 
1.655230e-05 
1.656207e-05 
1.845853e-05 
2.175546e-05 
-1.325138e-05 
-5.792640e-04 
-5.833323e-04 
-5.833323e-04 
-5.833323e-04 
-5.833323e-04 
-5.833323e-04 
-5.833323e-04 
-5.833323e-04 
-7.433331e-04 
-2.127323e-03 
-1.308680e-02 
-5.236186e-01 
-9.543232e-01 
-9.543232e-01 
-9.543232e-01 
-9.543232e-01 
-9.543232e-01 
-9.543232e-01 
-9.543232e-01 
-9.543232e-01 
-9.542959e-01 
-9.542562e-01 
-9.542469e-01 
-9.542424e-01 
-9.542419e-01 
-9.542419e-01 
-9.542419e-01 
-9.542419e-01 
-9.542419e-01 
-9.542419e-01 
-9.542419e-01 
-9.479854e-01 
-4.837585e-02 
2.882399e-05 
7.074134e-06 
3.335054e-06 
3.328512e-06 
3.328512e-06 
3.328512e-06 
3.328512e-06 
3.328512e-06 
3.328512e-06 
3.328512e-06 
3.614801e-06 
7.045649e-06 
2.259157e-05 
2.645007e-04 
6.443148e-04 
6.443423e-04 
6.443423e-04 
6.443423e-04 
6.443423e-04 
6.443423e-04 
6.443423e-04 
6.443423e-04 
1.017861e-03 
3.146667e-03 
2.762068e-02 
8.439091e-01 
9.543234e-01 
9.543234e-01 
9.543234e-01 
9.543234e-01 
9.543234e-01 
9.543234e-01 
9.543234e-01 
9.543234e-01 
9.542888e-01 
9.542569e-01 
9.542470e-01 
9.542428e-01 
9.542428e-01 
9.542428e-01 
9.542428e-01 
9.542428e-01 
9.542428e-01 
9.542428e-01 
9.542428e-01 
7.486088e-01 
4.619124e-03 
1.845554e-05 
5.587503e-06 
3.328520e-06 
3.328512e-06 
3.328512e-06 
3.328512e-06 
3.328512e-06 
3.328512e-06 
3.328512e-06 
3.328512e-06 
4.164542e-06 
8.920066e-06 
3.598926e-05 
4.546428e-04 
6.443421e-04 
6.443423e-04 
6.443423e-04 
6.443423e-04 
6.443423e-04 
6.443423e-04 
6.443423e-04 
6.443423e-04 
1.266980e-03 
4.814819e-03 
6.976882e-02 
9.537011e-01 
9.543234e-01 
9.543234e-01 
9.543234e-01 
9.543234e-01 
9.543234e-01 
9.543234e-01 
9.543234e-01 
9.543196e-01 
9.542770e-01 
9.542534e-01 
9.542455e-01 
9.542428e-01 
9.542428e-01 
9.542428e-01 
9.542428e-01 
9.542428e-01 
9.542428e-01 
9.542428e-01 
9.542428e-01 
4.762213e-01 
3.036695e-04 
1.258373e-05 
1.029084e-05 
1.655236e-05 
1.655230e-05 
1.655230e-05 
1.655230e-05 
1.655230e-05 
1.655230e-05 
1.655230e-05 
1.655230e-05 
1.789033e-05 
2.100380e-05 
1.233797e-05 
-5.158588e-04 
-5.833323e-04 
-5.833323e-04 
-5.833323e-04 
-5.833323e-04 
-5.833323e-04 
-5.833323e-04 
-5.833323e-04 
-6.266835e-04 
-1.605477e-03 
-7.786008e-03 
-2.193264e-01 
-9.543219e-01 
-9.543232e-01 
-9.543232e-01 
-9.543232e-01 
-9.543232e-01 
-9.543232e-01 
-9.543232e-01 
-9.543232e-01 
-9.543080e-01 
-9.542598e-01 
-9.542484e-01 
-9.542432e-01 
-9.542419e-01 
-9.542419e-01 
-9.542419e-01 
-9.542419e-01 
-9.542419e-01 
-9.542419e-01 
-9.542419e-01 
-9.542419e-01 
-1.991061e-01 
4.039227e-05 
9.062555e-06 
1.572418e-05 
1.655230e-05 
1.655230e-05 
1.655230e-05 
1.655230e-05 
1.655230e-05 
1.655230e-05 
1.655230e-05 
1.657657e-05 
1.855200e-05 
2.185088e-05 
-2.031255e-05 
-5.808832e-04 
-5.833323e-04 
-5.833323e-04 
-5.833323e-04 
-5.833323e-04 
-5.833323e-04 
-5.833323e-04 
-5.833323e-04 
-7.647431e-04 
-2.226933e-03 
-1.428314e-02 
-5.734079e-01 
-9.543232e-01 
-9.543232e-01 
-9.543232e-01 
-9.543232e-01 
-9.543232e-01 
-9.543232e-01 
-9.543232e-01 
-9.543232e-01 
-9.542937e-01 
-9.542557e-01 
-9.542467e-01 
-9.542423e-01 
-9.542419e-01 
-9.542419e-01 
-9.542419e-01 
-9.542419e-01 
-9.542419e-01 
-9.542419e-01 
-9.542419e-01 
-9.326632e-01 
-3.667709e-02 
2.708903e-05 
6.832437e-06 
3.306102e-06 
3.302500e-06 
3.302500e-06 
3.302500e-06 
3.302500e-06 
3.302500e-06 
3.302500e-06 
3.302500e-06 
3.648473e-06 
7.204921e-06 
2.375974e-05 
2.885275e-04 
6.443257e-04 
6.443408e-04 
6.443408e-04 
6.443408e-04 
6.443408e-04 
6.443408e-04 
6.443408e-04 
6.443408e-04 
1.048522e-03 
3.316473e-03 
3.081853e-02 
8.753264e-01 
9.543234e-01 
9.543234e-01 
9.543234e-01 
9.543234e-01 
9.543234e-01 
9.543234e-01 
9.543234e-01 
9.543234e-01 
9.542872e-01 
9.542564e-01 
9.542467e-01 
9.542428e-01 
9.542428e-01 
9.542428e-01 
9.542428e-01 
9.542428e-01 
9.542428e-01 
9.542428e-01 
9.542428e-01 
7.146344e-01 
3.232852e-03 
1.747972e-05 
5.457265e-06 
3.328508e-06 
3.328512e-06 
3.328512e-06 
3.328512e-06 
3.328512e-06 
3.328512e-06 
3.328512e-06 
3.328512e-06 
4.250193e-06 
9.227116e-06 
3.859584e-05 
4.789287e-04 
6.443422e-04 
6.443423e-04 
6.443423e-04 
6.443423e-04 
6.443423e-04 
6.443423e-04 
6.443423e-04 
6.443423e-04 
1.306371e-03 
5.120220e-03 
8.032997e-02 
9.540477e-01 
9.543234e-01 
9.543234e-01 
9.543234e-01 
9.543234e-01 
9.543234e-01 
9.543234e-01 
9.543234e-01 
9.543185e-01 
9.542756e-01 
9.542530e-01 
9.542453e-01 
9.542428e-01 
9.542428e-01 
9.542428e-01 
9.542428e-01 
9.542428e-01 
9.542428e-01 
9.542428e-01 
9.542428e-01 
4.384494e-01 
2.198493e-04 
1.201471e-05 
1.158744e-05 
1.655233e-05 
1.655230e-05 
1.655230e-05 
1.655230e-05 
1.655230e-05 
1.655230e-05 
1.655230e-05 
1.655230e-05 
1.797201e-05 
2.112626e-05 
1.007614e-05 
-5.357664e-04 
-5.833323e-04 
-5.833323e-04 
-5.833323e-04 
-5.833323e-04 
-5.833323e-04 
-5.833323e-04 
-5.833323e-04 
-6.415022e-04 
-1.672489e-03 
-8.380406e-03 
-2.564358e-01 
-9.543226e-01 
-9.543232e-01 
-9.543232e-01 
-9.543232e-01 
-9.543232e-01 
-9.543232e-01 
-9.543232e-01 
-9.543232e-01 
-9.543064e-01 
-9.542591e-01 
-9.542482e-01 
-9.542431e-01 
-9.542419e-01 
-9.542419e-01 
-9.542419e-01 
-9.542419e-01 
-9.542419e-01 
-9.542419e-01 
-9.542419e-01 
-9.542419e-01 
-1.679514e-01 
3.931376e-05 
8.707575e-06 
3.433725e-06 
3.302500e-06 
3.302500e-06 
3.302500e-06 
3.302500e-06 
3.302500e-06 
3.302500e-06 
3.302500e-06 
3.341127e-06 
5.998249e-06 
1.688442e-05 
1.509966e-04 
6.436745e-04 
6.443408e-04 
6.443408e-04 
6.443408e-04 
6.443408e-04 
6.443408e-04 
6.443408e-04 
6.443408e-04 
8.655969e-04 
2.391125e-03 
1.592552e-02 
6.215324e-01 
9.543234e-01 
9.543234e-01 
9.543234e-01 
9.543234e-01 
9.543234e-01 
9.543234e-01 
9.543234e-01 
9.543234e-01 
9.542979e-01 
9.542603e-01 
9.542482e-01 
9.542430e-01 
9.542428e-01 
9.542428e-01 
9.542428e-01 
9.542428e-01 
9.542428e-01 
9.542428e-01 
9.542428e-01 
9.118448e-01 
2.828946e-02 
2.563545e-05 
6.614212e-06 
1.654069e-05 
1.655230e-05 
1.655230e-05 
1.655230e-05 
1.655230e-05 
1.655230e-05 
1.655230e-05 
1.655230e-05 
1.696368e-05 
1.943075e-05 
2.203838e-05 
-1.440484e-04 
-5.833113e-04 
-5.833323e-04 
-5.833323e-04 
-5.833323e-04 
-5.833323e-04 
-5.833323e-04 
-5.833323e-04 
-5.833323e-04 
-9.943847e-04 
-3.418123e-03 
-3.396596e-02 
-9.037517e-01 
-9.543232e-01 
-9.543232e-01 
-9.543232e-01 
-9.543232e-01 
-9.543232e-01 
-9.543232e-01 
-9.543232e-01 
-9.543231e-01 
-9.542750e-01 
-9.542523e-01 
-9.542451e-01 
-9.542419e-01 
-9.542419e-01 
-9.542419e-01 
-9.542419e-01 
-9.542419e-01 
-9.542419e-01 
-9.542419e-01 
-9.542419e-01 
-6.798150e-01 
-1.887578e-03 
1.657306e-05 
5.728105e-06 
1.655288e-05 
1.655230e-05 
1.655230e-05 
1.655230e-05 
1.655230e-05 
1.655230e-05 
1.655230e-05 
1.655230e-05 
1.746583e-05 
2.031623e-05 
1.947650e-05 
-3.491879e-04 
-5.833321e-04 
-5.833323e-04 
-5.833323e-04 
-5.833323e-04 
-5.833323e-04 
-5.833323e-04 
-5.833323e-04 
-5.833323e-04 
-1.294185e-03 
-5.332583e-03 
-9.184997e-02 
-9.542010e-01 
-9.543232e-01 
-9.543232e-01 
-9.543232e-01 
-9.543232e-01 
-9.543232e-01 
-9.543232e-01 
-9.543232e-01 
-9.543163e-01 
-9.542642e-01 
-9.542499e-01 
-9.542440e-01 
-9.542419e-01 
-9.542419e-01 
-9.542419e-01 
-9.542419e-01 
-9.542419e-01 
-9.542419e-01 
-9.542419e-01 
-9.542419e-01 
-4.002218e-01 
-9.927226e-06 
1.148172e-05 
4.457514e-06 
3.328511e-06 
3.328512e-06 
3.328512e-06 
3.328512e-06 
3.328512e-06 
3.328512e-06 
3.328512e-06 
3.328512e-06 
5.130955e-06 
1.270896e-05 
7.786361e-05 
6.278763e-04 
6.443423e-04 
6.443423e-04 
6.443423e-04 
6.443423e-04 
6.443423e-04 
6.443423e-04 
6.443423e-04 
7.258455e-04 
1.790640e-03 
9.225737e-03 
2.994175e-01 
9.543232e-01 
9.543234e-01 
9.543234e-01 
9.543234e-01 
9.543234e-01 
9.543234e-01 
9.543234e-01 
9.543234e-01 
9.543078e-01 
9.542656e-01 
9.542500e-01 
9.542439e-01 
9.542428e-01 
9.542428e-01 
9.542428e-01 
9.542428e-01 
9.542428e-01 
9.542428e-01 
9.542428e-01 
9.542428e-01 
1.405592e-01 
4.241867e-05 
8.374656e-06 
1.611058e-05 
1.655230e-05 
1.655230e-05 
1.655230e-05 
1.655230e-05 
1.655230e-05 
1.655230e-05 
1.655230e-05 
1.663009e-05 
1.874464e-05 
2.201304e-05 
-3.827365e-05 
-5.824789e-04 
-5.833323e-04 
-5.833323e-04 
-5.833323e-04 
-5.833323e-04 
-5.833323e-04 
-5.833323e-04 
-5.833323e-04 
-8.105712e-04 
-2.446465e-03 
-1.714489e-02 
-6.669999e-01 
-9.543232e-01 
-9.543232e-01 
-9.543232e-01 
-9.543232e-01 
-9.543232e-01 
-9.543232e-01 
-9.543232e-01 
-9.543232e-01 
-9.542893e-01 
-9.542548e-01 
-9.542463e-01 
-9.542421e-01 
-9.542419e-01 
-9.542419e-01 
-9.542419e-01 
-9.542419e-01 
-9.542419e-01 
-9.542419e-01 
-9.542419e-01 
-8.873052e-01 
-2.014994e-02 
2.397566e-05 
6.390437e-06 
3.303462e-06 
3.302500e-06 
3.302500e-06 
3.302500e-06 
3.302500e-06 
3.302500e-06 
3.302500e-06 
3.302500e-06 
3.782385e-06 
7.653048e-06 
2.670215e-05 
3.389707e-04 
6.443363e-04 
6.443408e-04 
6.443408e-04 
6.443408e-04 
6.443408e-04 
6.443408e-04 
6.443408e-04 
6.443408e-04 
1.111693e-03 
3.695868e-03 
3.879592e-02 
9.287189e-01 
9.543234e-01 
9.543234e-01 
9.543234e-01 
9.543234e-01 
9.543234e-01 
9.543234e-01 
9.543234e-01 
9.543230e-01 
9.542839e-01 
9.542554e-01 
9.542463e-01 
9.542428e-01 
9.542428e-01 
9.542428e-01 
9.542428e-01 
9.542428e-01 
9.542428e-01 
9.542428e-01 
9.542428e-01 
6.443799e-01 
1.558613e-03 
1.573649e-05 
5.952022e-06 
1.655271e-05 
1.655230e-05 
1.655230e-05 
1.655230e-05 
1.655230e-05 
1.655230e-05 
1.655230e-05 
1.655230e-05 
1.753855e-05 
2.043901e-05 
1.868542e-05 
-3.806022e-04 
-5.833322e-04 
-5.833323e-04 
-5.833323e-04 
-5.833323e-04 
-5.833323e-04 
-5.833323e-04 
-5.833323e-04 
-5.842885e-04 
-1.343389e-03 
-5.687759e-03 
-1.067581e-01 
-9.542690e-01 
-9.543232e-01 
-9.543232e-01 
-9.543232e-01 
-9.543232e-01 
-9.543232e-01 
-9.543232e-01 
-9.543232e-01 
-9.543149e-01 
-9.542632e-01 
-9.542496e-01 
-9.542438e-01 
-9.542419e-01 
-9.542419e-01 
-9.542419e-01 
-9.542419e-01 
-9.542419e-01 
-9.542419e-01 
-9.542419e-01 
-9.542419e-01 
-3.623531e-01 
1.458354e-05 
1.098254e-05 
1.371479e-05 
1.655231e-05 
1.655230e-05 
1.655230e-05 
1.655230e-05 
1.655230e-05 
1.655230e-05 
1.655230e-05 
1.655230e-05 
1.814056e-05 
2.136561e-05 
4.132552e-06 
-5.618875e-04 
-5.833323e-04 
-5.833323e-04 
-5.833323e-04 
-5.833323e-04 
-5.833323e-04 
-5.833323e-04 
-5.833323e-04 
-6.746666e-04 
-1.818814e-03 
-9.764114e-03 
-3.440851e-01 
-9.543231e-01 
-9.543232e-01 
-9.543232e-01 
-9.543232e-01 
-9.543232e-01 
-9.543232e-01 
-9.543232e-01 
-9.543232e-01 
-9.543029e-01 
-9.542580e-01 
-9.542477e-01 
-9.542428e-01 
-9.542419e-01 
-9.542419e-01 
-9.542419e-01 
-9.542419e-01 
-9.542419e-01 
-9.542419e-01 
-9.542419e-01 
-9.542419e-01 
-1.138587e-01 
3.574504e-05 
8.058612e-06 
3.351664e-06 
3.302500e-06 
3.302500e-06 
3.302500e-06 
3.302500e-06 
3.302500e-06 
3.302500e-06 
3.302500e-06 
3.405546e-06 
6.328622e-06 
1.862307e-05 
1.863111e-04 
6.441218e-04 
6.443408e-04 
6.443408e-04 
6.443408e-04 
6.443408e-04 
6.443408e-04 
6.443408e-04 
6.443408e-04 
9.165583e-04 
2.630503e-03 
1.920733e-02 
7.103350e-01 
9.543234e-01 
9.543234e-01 
9.543234e-01 
9.543234e-01 
9.543234e-01 
9.543234e-01 
9.543234e-01 
9.543234e-01 
9.542947e-01 
9.542590e-01 
9.542478e-01 
9.542429e-01 
9.542428e-01 
9.542428e-01 
9.542428e-01 
9.542428e-01 
9.542428e-01 
9.542428e-01 
9.542428e-01 
8.600466e-01 
1.534233e-02 
2.264533e-05 
6.211142e-06 
1.655139e-05 
1.655230e-05 
1.655230e-05 
1.655230e-05 
1.655230e-05 
1.655230e-05 
1.655230e-05 
1.655230e-05 
1.708822e-05 
1.965596e-05 
2.176331e-05 
-1.912465e-04 
-5.833258e-04 
-5.833323e-04 
-5.833323e-04 
-5.833323e-04 
-5.833323e-04 
-5.833323e-04 
-5.833323e-04 
-5.833323e-04 
-1.062882e-03 
-3.818697e-03 
-4.313612e-02 
-9.429919e-01 
-9.543232e-01 
-9.543232e-01 
-9.543232e-01 
-9.543232e-01 
-9.543232e-01 
-9.543232e-01 
-9.543232e-01 
-9.543222e-01 
-9.542714e-01 
-9.542516e-01 
-9.542448e-01 
-9.542419e-01 
-9.542419e-01 
-9.542419e-01 
-9.542419e-01 
-9.542419e-01 
-9.542419e-01 
-9.542419e-01 
-9.542419e-01 
-6.082531e-01 
-7.965318e-04 
0.000000e+00 
0.000000e+00 
0.000000e+00 
0.000000e+00 
0.000000e+00 
0.000000e+00 
0.000000e+00 
0.000000e+00
#[#TRACE_DATA]
#[#TRACE]
