Cell: 0
	Neighbours (Ek):
		1(2.55528e-22)
		2(7.60209e-24)
		3(9.86401e-25)
		4(2.32752e-25)
		9(7.32595e-23)
		107(6.03545e-25)
		110(-2.06848e-25)
		111(2.62066e-24)
		114(1.35035e-25)
		115(7.56871e-24)
		118(6.03545e-25)
		119(-2.53158e-23)
		122(1.35035e-25)
		123(7.56871e-24)
		126(-2.06848e-25)
		127(2.62066e-24)
		-1(-1)
		-1(-1)
		-1(-1)
		-1(-1)
		-1(-1)
		-1(-1)
		-1(-1)
		-1(-1)
		-1(-1)
		-1(-1)
		-1(-1)
		-1(-1)
		-1(-1)
		-1(-1)
		-1(-1)

Cell: 1
	Neighbours (Ek):
		0(2.55528e-22)
		2(2.55528e-22)
		3(7.60209e-24)
		4(9.86401e-25)
		5(2.32752e-25)
		9(-3.70417e-22)
		111(6.03545e-25)
		114(-2.06848e-25)
		115(2.62066e-24)
		118(1.35035e-25)
		119(7.56871e-24)
		122(6.03545e-25)
		123(-2.53158e-23)
		126(1.35035e-25)
		127(7.56871e-24)
		130(-2.06848e-25)
		131(-2.06848e-25)
		136(-2.06848e-25)
		137(1.35035e-25)
		138(6.03545e-25)
		139(1.35035e-25)
		140(-2.06848e-25)
		-1(-1)
		-1(-1)
		-1(-1)
		-1(-1)
		-1(-1)
		-1(-1)
		-1(-1)
		-1(-1)
		-1(-1)

Cell: 2
	Neighbours (Ek):
		0(7.60209e-24)
		1(2.55528e-22)
		3(2.55528e-22)
		4(7.60209e-24)
		5(9.86401e-25)
		6(2.32752e-25)
		9(7.32595e-23)
		115(6.03545e-25)
		118(-2.06848e-25)
		119(2.62066e-24)
		122(1.35035e-25)
		123(7.56871e-24)
		126(6.03545e-25)
		127(-2.53158e-23)
		130(1.35035e-25)
		131(1.35035e-25)
		135(-2.06848e-25)
		136(-7.39714e-25)
		137(-3.38946e-25)
		138(2.62066e-24)
		139(-3.38946e-25)
		140(-7.39714e-25)
		141(-2.06848e-25)
		-1(-1)
		-1(-1)
		-1(-1)
		-1(-1)
		-1(-1)
		-1(-1)
		-1(-1)
		-1(-1)

Cell: 3
	Neighbours (Ek):
		0(9.86401e-25)
		1(7.60209e-24)
		2(2.55528e-22)
		4(2.55528e-22)
		5(7.60209e-24)
		6(9.86401e-25)
		7(2.32752e-25)
		9(5.6535e-24)
		119(6.03545e-25)
		122(-2.06848e-25)
		123(2.62066e-24)
		126(1.35035e-25)
		127(7.56871e-24)
		130(6.03545e-25)
		131(6.03545e-25)
		135(1.35035e-25)
		136(-3.38946e-25)
		137(-3.26618e-24)
		138(7.56871e-24)
		139(-3.26618e-24)
		140(-3.38946e-25)
		141(1.35035e-25)
		147(-2.06848e-25)
		148(-2.06848e-25)
		152(6.03545e-25)
		-1(-1)
		-1(-1)
		-1(-1)
		-1(-1)
		-1(-1)
		-1(-1)

Cell: 4
	Neighbours (Ek):
		0(2.32752e-25)
		1(9.86401e-25)
		2(7.60209e-24)
		3(2.55528e-22)
		5(2.55528e-22)
		6(7.60209e-24)
		7(9.86401e-25)
		9(8.67232e-25)
		10(8.67232e-25)
		123(6.03545e-25)
		126(-2.06848e-25)
		127(2.62066e-24)
		130(1.35035e-25)
		131(1.35035e-25)
		135(6.03545e-25)
		136(2.62066e-24)
		137(7.56871e-24)
		138(-2.53158e-23)
		139(7.56871e-24)
		140(2.62066e-24)
		141(6.03545e-25)
		147(1.35035e-25)
		148(1.35035e-25)
		152(2.62066e-24)
		153(-2.06848e-25)
		162(-2.06848e-25)
		163(1.35035e-25)
		164(6.03545e-25)
		165(1.35035e-25)
		-1(-1)
		-1(-1)

Cell: 5
	Neighbours (Ek):
		1(2.32752e-25)
		2(9.86401e-25)
		3(7.60209e-24)
		4(2.55528e-22)
		6(2.55528e-22)
		7(7.60209e-24)
		8(9.86401e-25)
		10(5.6535e-24)
		127(6.03545e-25)
		130(-2.06848e-25)
		131(-2.06848e-25)
		135(1.35035e-25)
		136(-3.38946e-25)
		137(-3.26618e-24)
		138(7.56871e-24)
		139(-3.26618e-24)
		140(-3.38946e-25)
		141(1.35035e-25)
		147(6.03545e-25)
		148(6.03545e-25)
		152(7.56871e-24)
		153(1.35035e-25)
		161(-2.06848e-25)
		162(-7.39714e-25)
		163(-3.38946e-25)
		164(2.62066e-24)
		165(-3.38946e-25)
		166(-2.06848e-25)
		169(6.03545e-25)
		-1(-1)
		-1(-1)

Cell: 6
	Neighbours (Ek):
		2(2.32752e-25)
		3(9.86401e-25)
		4(7.60209e-24)
		5(2.55528e-22)
		7(2.55528e-22)
		8(7.60209e-24)
		10(7.32595e-23)
		135(-2.06848e-25)
		136(-7.39714e-25)
		137(-3.38946e-25)
		138(2.62066e-24)
		139(-3.38946e-25)
		140(-7.39714e-25)
		141(-2.06848e-25)
		147(1.35035e-25)
		148(1.35035e-25)
		152(-2.53158e-23)
		153(6.03545e-25)
		161(1.35035e-25)
		162(-3.38946e-25)
		163(-3.26618e-24)
		164(7.56871e-24)
		165(-3.26618e-24)
		166(1.35035e-25)
		169(2.62066e-24)
		170(-2.06848e-25)
		-1(-1)
		-1(-1)
		-1(-1)
		-1(-1)
		-1(-1)

Cell: 7
	Neighbours (Ek):
		3(2.32752e-25)
		4(9.86401e-25)
		5(7.60209e-24)
		6(2.55528e-22)
		8(2.55528e-22)
		10(-3.70417e-22)
		136(-2.06848e-25)
		137(1.35035e-25)
		138(6.03545e-25)
		139(1.35035e-25)
		140(-2.06848e-25)
		147(-2.06848e-25)
		148(-2.06848e-25)
		152(7.56871e-24)
		153(1.35035e-25)
		161(6.03545e-25)
		162(2.62066e-24)
		163(7.56871e-24)
		164(-2.53158e-23)
		165(7.56871e-24)
		166(6.03545e-25)
		169(7.56871e-24)
		170(1.35035e-25)
		172(-2.06848e-25)
		-1(-1)
		-1(-1)
		-1(-1)
		-1(-1)
		-1(-1)
		-1(-1)
		-1(-1)

Cell: 8
	Neighbours (Ek):
		5(9.86401e-25)
		6(7.60209e-24)
		7(2.55528e-22)
		10(7.32595e-23)
		152(2.62066e-24)
		153(-2.06848e-25)
		161(1.35035e-25)
		162(-3.38946e-25)
		163(-3.26618e-24)
		164(7.56871e-24)
		165(-3.26618e-24)
		166(1.35035e-25)
		169(-2.53158e-23)
		170(6.03545e-25)
		172(1.35035e-25)
		174(-2.06848e-25)
		-1(-1)
		-1(-1)
		-1(-1)
		-1(-1)
		-1(-1)
		-1(-1)
		-1(-1)
		-1(-1)
		-1(-1)
		-1(-1)
		-1(-1)
		-1(-1)
		-1(-1)
		-1(-1)
		-1(-1)

Cell: 9
	Neighbours (Ek):
		0(7.32595e-23)
		1(-3.70417e-22)
		2(7.32595e-23)
		3(5.6535e-24)
		4(8.67232e-25)
		111(8.67232e-25)
		114(-2.99231e-25)
		115(5.6535e-24)
		118(1.54893e-25)
		119(7.32595e-23)
		122(8.67232e-25)
		123(-3.70417e-22)
		126(1.54893e-25)
		127(7.32595e-23)
		130(-2.99231e-25)
		131(-2.99231e-25)
		136(-2.99231e-25)
		137(1.54893e-25)
		138(8.67232e-25)
		139(1.54893e-25)
		140(-2.99231e-25)
		-1(-1)
		-1(-1)
		-1(-1)
		-1(-1)
		-1(-1)
		-1(-1)
		-1(-1)
		-1(-1)
		-1(-1)
		-1(-1)

Cell: 10
	Neighbours (Ek):
		4(8.67232e-25)
		5(5.6535e-24)
		6(7.32595e-23)
		7(-3.70417e-22)
		8(7.32595e-23)
		136(-2.99231e-25)
		137(1.54893e-25)
		138(8.67232e-25)
		139(1.54893e-25)
		140(-2.99231e-25)
		147(-2.99231e-25)
		148(-2.99231e-25)
		152(7.32595e-23)
		153(1.54893e-25)
		161(8.67232e-25)
		162(5.6535e-24)
		163(7.32595e-23)
		164(-3.70417e-22)
		165(7.32595e-23)
		166(8.67232e-25)
		169(7.32595e-23)
		170(1.54893e-25)
		172(-2.99231e-25)
		-1(-1)
		-1(-1)
		-1(-1)
		-1(-1)
		-1(-1)
		-1(-1)
		-1(-1)
		-1(-1)

Cell: 11
	Neighbours (Ek):
		12(2.55528e-22)
		13(7.60209e-24)
		14(9.86401e-25)
		16(2.32752e-25)
		-1(-1)
		-1(-1)
		-1(-1)
		-1(-1)
		-1(-1)
		-1(-1)
		-1(-1)
		-1(-1)
		-1(-1)
		-1(-1)
		-1(-1)
		-1(-1)
		-1(-1)
		-1(-1)
		-1(-1)
		-1(-1)
		-1(-1)
		-1(-1)
		-1(-1)
		-1(-1)
		-1(-1)
		-1(-1)
		-1(-1)
		-1(-1)
		-1(-1)
		-1(-1)
		-1(-1)

Cell: 12
	Neighbours (Ek):
		11(2.55528e-22)
		13(2.55528e-22)
		14(7.60209e-24)
		16(9.86401e-25)
		-1(-1)
		-1(-1)
		-1(-1)
		-1(-1)
		-1(-1)
		-1(-1)
		-1(-1)
		-1(-1)
		-1(-1)
		-1(-1)
		-1(-1)
		-1(-1)
		-1(-1)
		-1(-1)
		-1(-1)
		-1(-1)
		-1(-1)
		-1(-1)
		-1(-1)
		-1(-1)
		-1(-1)
		-1(-1)
		-1(-1)
		-1(-1)
		-1(-1)
		-1(-1)
		-1(-1)

Cell: 13
	Neighbours (Ek):
		11(7.60209e-24)
		12(2.55528e-22)
		14(2.55528e-22)
		15(-3.40095e-25)
		16(7.60209e-24)
		20(-3.40095e-25)
		21(1.59915e-25)
		22(9.86401e-25)
		23(1.59915e-25)
		24(-3.40095e-25)
		-1(-1)
		-1(-1)
		-1(-1)
		-1(-1)
		-1(-1)
		-1(-1)
		-1(-1)
		-1(-1)
		-1(-1)
		-1(-1)
		-1(-1)
		-1(-1)
		-1(-1)
		-1(-1)
		-1(-1)
		-1(-1)
		-1(-1)
		-1(-1)
		-1(-1)
		-1(-1)
		-1(-1)

Cell: 14
	Neighbours (Ek):
		11(9.86401e-25)
		12(7.60209e-24)
		13(2.55528e-22)
		15(1.59915e-25)
		16(2.55528e-22)
		19(-3.40095e-25)
		20(-1.58789e-24)
		21(-1.75861e-24)
		22(7.60209e-24)
		23(-1.75861e-24)
		24(-1.58789e-24)
		25(-3.40095e-25)
		31(9.86401e-25)
		34(2.32752e-25)
		-1(-1)
		-1(-1)
		-1(-1)
		-1(-1)
		-1(-1)
		-1(-1)
		-1(-1)
		-1(-1)
		-1(-1)
		-1(-1)
		-1(-1)
		-1(-1)
		-1(-1)
		-1(-1)
		-1(-1)
		-1(-1)
		-1(-1)

Cell: 15
	Neighbours (Ek):
		13(-3.40095e-25)
		14(1.59915e-25)
		16(9.86401e-25)
		18(-5.55582e-23)
		19(2.55528e-22)
		20(-5.55582e-23)
		21(-1.75861e-24)
		22(1.59915e-25)
		30(7.60209e-24)
		31(-3.40095e-25)
		33(9.86401e-25)
		38(2.32752e-25)
		-1(-1)
		-1(-1)
		-1(-1)
		-1(-1)
		-1(-1)
		-1(-1)
		-1(-1)
		-1(-1)
		-1(-1)
		-1(-1)
		-1(-1)
		-1(-1)
		-1(-1)
		-1(-1)
		-1(-1)
		-1(-1)
		-1(-1)
		-1(-1)
		-1(-1)

Cell: 16
	Neighbours (Ek):
		11(2.32752e-25)
		12(9.86401e-25)
		13(7.60209e-24)
		14(2.55528e-22)
		15(9.86401e-25)
		19(1.59915e-25)
		20(-1.75861e-24)
		21(-5.55582e-23)
		22(2.55528e-22)
		23(-5.55582e-23)
		24(-1.75861e-24)
		25(1.59915e-25)
		30(-3.40095e-25)
		31(7.60209e-24)
		34(9.86401e-25)
		-1(-1)
		-1(-1)
		-1(-1)
		-1(-1)
		-1(-1)
		-1(-1)
		-1(-1)
		-1(-1)
		-1(-1)
		-1(-1)
		-1(-1)
		-1(-1)
		-1(-1)
		-1(-1)
		-1(-1)
		-1(-1)

Cell: 17
	Neighbours (Ek):
		25(1.59915e-25)
		26(-1.75861e-24)
		27(-5.55582e-23)
		28(2.55528e-22)
		29(-5.55582e-23)
		32(7.60209e-24)
		36(9.86401e-25)
		-1(-1)
		-1(-1)
		-1(-1)
		-1(-1)
		-1(-1)
		-1(-1)
		-1(-1)
		-1(-1)
		-1(-1)
		-1(-1)
		-1(-1)
		-1(-1)
		-1(-1)
		-1(-1)
		-1(-1)
		-1(-1)
		-1(-1)
		-1(-1)
		-1(-1)
		-1(-1)
		-1(-1)
		-1(-1)
		-1(-1)
		-1(-1)

Cell: 18
	Neighbours (Ek):
		15(-5.55582e-23)
		19(2.55528e-22)
		20(7.60209e-24)
		21(9.86401e-25)
		30(-5.55582e-23)
		33(-1.75861e-24)
		38(1.59915e-25)
		-1(-1)
		-1(-1)
		-1(-1)
		-1(-1)
		-1(-1)
		-1(-1)
		-1(-1)
		-1(-1)
		-1(-1)
		-1(-1)
		-1(-1)
		-1(-1)
		-1(-1)
		-1(-1)
		-1(-1)
		-1(-1)
		-1(-1)
		-1(-1)
		-1(-1)
		-1(-1)
		-1(-1)
		-1(-1)
		-1(-1)
		-1(-1)

Cell: 19
	Neighbours (Ek):
		14(-3.40095e-25)
		15(2.55528e-22)
		16(1.59915e-25)
		18(2.55528e-22)
		20(2.55528e-22)
		21(7.60209e-24)
		22(9.86401e-25)
		30(2.55528e-22)
		31(1.59915e-25)
		33(7.60209e-24)
		34(-3.40095e-25)
		38(9.86401e-25)
		48(2.32752e-25)
		-1(-1)
		-1(-1)
		-1(-1)
		-1(-1)
		-1(-1)
		-1(-1)
		-1(-1)
		-1(-1)
		-1(-1)
		-1(-1)
		-1(-1)
		-1(-1)
		-1(-1)
		-1(-1)
		-1(-1)
		-1(-1)
		-1(-1)
		-1(-1)

Cell: 20
	Neighbours (Ek):
		13(-3.40095e-25)
		14(-1.58789e-24)
		15(-5.55582e-23)
		16(-1.75861e-24)
		18(7.60209e-24)
		19(2.55528e-22)
		21(2.55528e-22)
		22(7.60209e-24)
		23(9.86401e-25)
		30(-5.55582e-23)
		31(-1.75861e-24)
		33(-1.75861e-24)
		34(-1.58789e-24)
		38(1.59915e-25)
		-1(-1)
		-1(-1)
		-1(-1)
		-1(-1)
		-1(-1)
		-1(-1)
		-1(-1)
		-1(-1)
		-1(-1)
		-1(-1)
		-1(-1)
		-1(-1)
		-1(-1)
		-1(-1)
		-1(-1)
		-1(-1)
		-1(-1)

Cell: 21
	Neighbours (Ek):
		13(1.59915e-25)
		14(-1.75861e-24)
		15(-1.75861e-24)
		16(-5.55582e-23)
		18(9.86401e-25)
		19(7.60209e-24)
		20(2.55528e-22)
		22(2.55528e-22)
		23(7.60209e-24)
		24(9.86401e-25)
		25(2.32752e-25)
		30(-1.75861e-24)
		31(-5.55582e-23)
		33(-1.58789e-24)
		34(-1.75861e-24)
		38(-3.40095e-25)
		-1(-1)
		-1(-1)
		-1(-1)
		-1(-1)
		-1(-1)
		-1(-1)
		-1(-1)
		-1(-1)
		-1(-1)
		-1(-1)
		-1(-1)
		-1(-1)
		-1(-1)
		-1(-1)
		-1(-1)

Cell: 22
	Neighbours (Ek):
		13(9.86401e-25)
		14(7.60209e-24)
		15(1.59915e-25)
		16(2.55528e-22)
		19(9.86401e-25)
		20(7.60209e-24)
		21(2.55528e-22)
		23(2.55528e-22)
		24(7.60209e-24)
		25(9.86401e-25)
		30(1.59915e-25)
		31(2.55528e-22)
		33(-3.40095e-25)
		34(7.60209e-24)
		35(-3.40095e-25)
		39(-3.40095e-25)
		-1(-1)
		-1(-1)
		-1(-1)
		-1(-1)
		-1(-1)
		-1(-1)
		-1(-1)
		-1(-1)
		-1(-1)
		-1(-1)
		-1(-1)
		-1(-1)
		-1(-1)
		-1(-1)
		-1(-1)

Cell: 23
	Neighbours (Ek):
		13(1.59915e-25)
		14(-1.75861e-24)
		16(-5.55582e-23)
		20(9.86401e-25)
		21(7.60209e-24)
		22(2.55528e-22)
		24(2.55528e-22)
		25(7.60209e-24)
		26(9.86401e-25)
		27(2.32752e-25)
		31(-5.55582e-23)
		34(-1.75861e-24)
		35(-1.58789e-24)
		39(1.59915e-25)
		40(-3.40095e-25)
		-1(-1)
		-1(-1)
		-1(-1)
		-1(-1)
		-1(-1)
		-1(-1)
		-1(-1)
		-1(-1)
		-1(-1)
		-1(-1)
		-1(-1)
		-1(-1)
		-1(-1)
		-1(-1)
		-1(-1)
		-1(-1)

Cell: 24
	Neighbours (Ek):
		13(-3.40095e-25)
		14(-1.58789e-24)
		16(-1.75861e-24)
		21(9.86401e-25)
		22(7.60209e-24)
		23(2.55528e-22)
		25(2.55528e-22)
		26(7.60209e-24)
		27(9.86401e-25)
		28(2.32752e-25)
		31(-1.75861e-24)
		34(-1.58789e-24)
		35(-1.75861e-24)
		39(9.86401e-25)
		40(1.59915e-25)
		41(-3.40095e-25)
		-1(-1)
		-1(-1)
		-1(-1)
		-1(-1)
		-1(-1)
		-1(-1)
		-1(-1)
		-1(-1)
		-1(-1)
		-1(-1)
		-1(-1)
		-1(-1)
		-1(-1)
		-1(-1)
		-1(-1)

Cell: 25
	Neighbours (Ek):
		14(-3.40095e-25)
		16(1.59915e-25)
		17(1.59915e-25)
		21(2.32752e-25)
		22(9.86401e-25)
		23(7.60209e-24)
		24(2.55528e-22)
		26(2.55528e-22)
		27(7.60209e-24)
		28(9.86401e-25)
		31(1.59915e-25)
		32(1.59915e-25)
		34(-3.40095e-25)
		35(7.60209e-24)
		36(-3.40095e-25)
		39(1.59915e-25)
		40(9.86401e-25)
		41(1.59915e-25)
		42(-3.40095e-25)
		-1(-1)
		-1(-1)
		-1(-1)
		-1(-1)
		-1(-1)
		-1(-1)
		-1(-1)
		-1(-1)
		-1(-1)
		-1(-1)
		-1(-1)
		-1(-1)

Cell: 26
	Neighbours (Ek):
		17(-1.75861e-24)
		23(9.86401e-25)
		24(7.60209e-24)
		25(2.55528e-22)
		27(2.55528e-22)
		28(7.60209e-24)
		29(9.86401e-25)
		32(-1.75861e-24)
		35(-1.75861e-24)
		36(-1.58789e-24)
		39(-3.40095e-25)
		40(1.59915e-25)
		41(9.86401e-25)
		42(1.59915e-25)
		43(-3.40095e-25)
		-1(-1)
		-1(-1)
		-1(-1)
		-1(-1)
		-1(-1)
		-1(-1)
		-1(-1)
		-1(-1)
		-1(-1)
		-1(-1)
		-1(-1)
		-1(-1)
		-1(-1)
		-1(-1)
		-1(-1)
		-1(-1)

Cell: 27
	Neighbours (Ek):
		17(-5.55582e-23)
		23(2.32752e-25)
		24(9.86401e-25)
		25(7.60209e-24)
		26(2.55528e-22)
		28(2.55528e-22)
		29(7.60209e-24)
		32(-5.55582e-23)
		35(-1.58789e-24)
		36(-1.75861e-24)
		40(-3.40095e-25)
		41(1.59915e-25)
		42(9.86401e-25)
		43(1.59915e-25)
		44(-3.40095e-25)
		-1(-1)
		-1(-1)
		-1(-1)
		-1(-1)
		-1(-1)
		-1(-1)
		-1(-1)
		-1(-1)
		-1(-1)
		-1(-1)
		-1(-1)
		-1(-1)
		-1(-1)
		-1(-1)
		-1(-1)
		-1(-1)

Cell: 28
	Neighbours (Ek):
		17(2.55528e-22)
		24(2.32752e-25)
		25(9.86401e-25)
		26(7.60209e-24)
		27(2.55528e-22)
		29(2.55528e-22)
		32(2.55528e-22)
		35(-3.40095e-25)
		36(7.60209e-24)
		37(-3.40095e-25)
		41(-3.40095e-25)
		42(1.59915e-25)
		43(9.86401e-25)
		44(1.59915e-25)
		45(-3.40095e-25)
		50(2.32752e-25)
		-1(-1)
		-1(-1)
		-1(-1)
		-1(-1)
		-1(-1)
		-1(-1)
		-1(-1)
		-1(-1)
		-1(-1)
		-1(-1)
		-1(-1)
		-1(-1)
		-1(-1)
		-1(-1)
		-1(-1)

Cell: 29
	Neighbours (Ek):
		17(-5.55582e-23)
		26(9.86401e-25)
		27(7.60209e-24)
		28(2.55528e-22)
		32(-5.55582e-23)
		36(-1.75861e-24)
		37(-1.58789e-24)
		42(-3.40095e-25)
		43(1.59915e-25)
		44(9.86401e-25)
		45(1.59915e-25)
		46(-3.40095e-25)
		-1(-1)
		-1(-1)
		-1(-1)
		-1(-1)
		-1(-1)
		-1(-1)
		-1(-1)
		-1(-1)
		-1(-1)
		-1(-1)
		-1(-1)
		-1(-1)
		-1(-1)
		-1(-1)
		-1(-1)
		-1(-1)
		-1(-1)
		-1(-1)
		-1(-1)

Cell: 30
	Neighbours (Ek):
		15(7.60209e-24)
		16(-3.40095e-25)
		18(-5.55582e-23)
		19(2.55528e-22)
		20(-5.55582e-23)
		21(-1.75861e-24)
		22(1.59915e-25)
		31(9.86401e-25)
		33(2.55528e-22)
		34(1.59915e-25)
		38(7.60209e-24)
		48(9.86401e-25)
		53(2.32752e-25)
		-1(-1)
		-1(-1)
		-1(-1)
		-1(-1)
		-1(-1)
		-1(-1)
		-1(-1)
		-1(-1)
		-1(-1)
		-1(-1)
		-1(-1)
		-1(-1)
		-1(-1)
		-1(-1)
		-1(-1)
		-1(-1)
		-1(-1)
		-1(-1)

Cell: 31
	Neighbours (Ek):
		14(9.86401e-25)
		15(-3.40095e-25)
		16(7.60209e-24)
		19(1.59915e-25)
		20(-1.75861e-24)
		21(-5.55582e-23)
		22(2.55528e-22)
		23(-5.55582e-23)
		24(-1.75861e-24)
		25(1.59915e-25)
		30(9.86401e-25)
		33(1.59915e-25)
		34(2.55528e-22)
		35(1.59915e-25)
		38(-3.40095e-25)
		39(-1.58789e-24)
		40(-3.40095e-25)
		-1(-1)
		-1(-1)
		-1(-1)
		-1(-1)
		-1(-1)
		-1(-1)
		-1(-1)
		-1(-1)
		-1(-1)
		-1(-1)
		-1(-1)
		-1(-1)
		-1(-1)
		-1(-1)

Cell: 32
	Neighbours (Ek):
		17(7.60209e-24)
		25(1.59915e-25)
		26(-1.75861e-24)
		27(-5.55582e-23)
		28(2.55528e-22)
		29(-5.55582e-23)
		35(1.59915e-25)
		36(2.55528e-22)
		37(1.59915e-25)
		40(-3.40095e-25)
		41(-1.58789e-24)
		42(-1.75861e-24)
		43(7.60209e-24)
		44(-1.75861e-24)
		45(-1.58789e-24)
		46(-3.40095e-25)
		50(9.86401e-25)
		-1(-1)
		-1(-1)
		-1(-1)
		-1(-1)
		-1(-1)
		-1(-1)
		-1(-1)
		-1(-1)
		-1(-1)
		-1(-1)
		-1(-1)
		-1(-1)
		-1(-1)
		-1(-1)

Cell: 33
	Neighbours (Ek):
		15(9.86401e-25)
		18(-1.75861e-24)
		19(7.60209e-24)
		20(-1.75861e-24)
		21(-1.58789e-24)
		22(-3.40095e-25)
		30(2.55528e-22)
		31(1.59915e-25)
		34(9.86401e-25)
		38(2.55528e-22)
		48(7.60209e-24)
		53(9.86401e-25)
		62(2.32752e-25)
		-1(-1)
		-1(-1)
		-1(-1)
		-1(-1)
		-1(-1)
		-1(-1)
		-1(-1)
		-1(-1)
		-1(-1)
		-1(-1)
		-1(-1)
		-1(-1)
		-1(-1)
		-1(-1)
		-1(-1)
		-1(-1)
		-1(-1)
		-1(-1)

Cell: 34
	Neighbours (Ek):
		14(2.32752e-25)
		16(9.86401e-25)
		19(-3.40095e-25)
		20(-1.58789e-24)
		21(-1.75861e-24)
		22(7.60209e-24)
		23(-1.75861e-24)
		24(-1.58789e-24)
		25(-3.40095e-25)
		30(1.59915e-25)
		31(2.55528e-22)
		33(9.86401e-25)
		35(9.86401e-25)
		38(1.59915e-25)
		39(-1.75861e-24)
		40(1.59915e-25)
		48(-3.40095e-25)
		49(-3.40095e-25)
		54(9.86401e-25)
		-1(-1)
		-1(-1)
		-1(-1)
		-1(-1)
		-1(-1)
		-1(-1)
		-1(-1)
		-1(-1)
		-1(-1)
		-1(-1)
		-1(-1)
		-1(-1)

Cell: 35
	Neighbours (Ek):
		22(-3.40095e-25)
		23(-1.58789e-24)
		24(-1.75861e-24)
		25(7.60209e-24)
		26(-1.75861e-24)
		27(-1.58789e-24)
		28(-3.40095e-25)
		31(1.59915e-25)
		32(1.59915e-25)
		34(9.86401e-25)
		36(9.86401e-25)
		39(-5.55582e-23)
		40(2.55528e-22)
		41(-5.55582e-23)
		42(-1.75861e-24)
		43(1.59915e-25)
		49(7.60209e-24)
		50(-3.40095e-25)
		55(9.86401e-25)
		67(2.32752e-25)
		-1(-1)
		-1(-1)
		-1(-1)
		-1(-1)
		-1(-1)
		-1(-1)
		-1(-1)
		-1(-1)
		-1(-1)
		-1(-1)
		-1(-1)

Cell: 36
	Neighbours (Ek):
		17(9.86401e-25)
		25(-3.40095e-25)
		26(-1.58789e-24)
		27(-1.75861e-24)
		28(7.60209e-24)
		29(-1.75861e-24)
		32(2.55528e-22)
		35(9.86401e-25)
		37(9.86401e-25)
		40(1.59915e-25)
		41(-1.75861e-24)
		42(-5.55582e-23)
		43(2.55528e-22)
		44(-5.55582e-23)
		45(-1.75861e-24)
		46(1.59915e-25)
		49(-3.40095e-25)
		50(7.60209e-24)
		51(-3.40095e-25)
		56(9.86401e-25)
		-1(-1)
		-1(-1)
		-1(-1)
		-1(-1)
		-1(-1)
		-1(-1)
		-1(-1)
		-1(-1)
		-1(-1)
		-1(-1)
		-1(-1)

Cell: 37
	Neighbours (Ek):
		28(-3.40095e-25)
		29(-1.58789e-24)
		32(1.59915e-25)
		36(9.86401e-25)
		43(1.59915e-25)
		44(-1.75861e-24)
		45(-5.55582e-23)
		46(2.55528e-22)
		47(-5.55582e-23)
		50(-3.40095e-25)
		51(7.60209e-24)
		57(9.86401e-25)
		68(2.32752e-25)
		-1(-1)
		-1(-1)
		-1(-1)
		-1(-1)
		-1(-1)
		-1(-1)
		-1(-1)
		-1(-1)
		-1(-1)
		-1(-1)
		-1(-1)
		-1(-1)
		-1(-1)
		-1(-1)
		-1(-1)
		-1(-1)
		-1(-1)
		-1(-1)

Cell: 38
	Neighbours (Ek):
		15(2.32752e-25)
		18(1.59915e-25)
		19(9.86401e-25)
		20(1.59915e-25)
		21(-3.40095e-25)
		30(7.60209e-24)
		31(-3.40095e-25)
		33(2.55528e-22)
		34(1.59915e-25)
		48(2.55528e-22)
		52(-3.40095e-25)
		53(7.60209e-24)
		54(-3.40095e-25)
		60(-3.40095e-25)
		61(1.59915e-25)
		62(9.86401e-25)
		63(1.59915e-25)
		64(-3.40095e-25)
		-1(-1)
		-1(-1)
		-1(-1)
		-1(-1)
		-1(-1)
		-1(-1)
		-1(-1)
		-1(-1)
		-1(-1)
		-1(-1)
		-1(-1)
		-1(-1)
		-1(-1)

Cell: 39
	Neighbours (Ek):
		22(-3.40095e-25)
		23(1.59915e-25)
		24(9.86401e-25)
		25(1.59915e-25)
		26(-3.40095e-25)
		31(-1.58789e-24)
		34(-1.75861e-24)
		35(-5.55582e-23)
		40(2.55528e-22)
		41(7.60209e-24)
		42(9.86401e-25)
		43(2.32752e-25)
		49(-5.55582e-23)
		54(-1.58789e-24)
		55(-1.75861e-24)
		65(-3.40095e-25)
		66(1.59915e-25)
		67(1.59915e-25)
		-1(-1)
		-1(-1)
		-1(-1)
		-1(-1)
		-1(-1)
		-1(-1)
		-1(-1)
		-1(-1)
		-1(-1)
		-1(-1)
		-1(-1)
		-1(-1)
		-1(-1)

Cell: 40
	Neighbours (Ek):
		23(-3.40095e-25)
		24(1.59915e-25)
		25(9.86401e-25)
		26(1.59915e-25)
		27(-3.40095e-25)
		31(-3.40095e-25)
		32(-3.40095e-25)
		34(1.59915e-25)
		35(2.55528e-22)
		36(1.59915e-25)
		39(2.55528e-22)
		41(2.55528e-22)
		42(7.60209e-24)
		43(9.86401e-25)
		49(2.55528e-22)
		50(1.59915e-25)
		54(-3.40095e-25)
		55(7.60209e-24)
		56(-3.40095e-25)
		66(-3.40095e-25)
		67(9.86401e-25)
		72(2.32752e-25)
		-1(-1)
		-1(-1)
		-1(-1)
		-1(-1)
		-1(-1)
		-1(-1)
		-1(-1)
		-1(-1)
		-1(-1)

Cell: 41
	Neighbours (Ek):
		24(-3.40095e-25)
		25(1.59915e-25)
		26(9.86401e-25)
		27(1.59915e-25)
		28(-3.40095e-25)
		32(-1.58789e-24)
		35(-5.55582e-23)
		36(-1.75861e-24)
		39(7.60209e-24)
		40(2.55528e-22)
		42(2.55528e-22)
		43(7.60209e-24)
		44(9.86401e-25)
		49(-5.55582e-23)
		50(-1.75861e-24)
		55(-1.75861e-24)
		56(-1.58789e-24)
		67(1.59915e-25)
		-1(-1)
		-1(-1)
		-1(-1)
		-1(-1)
		-1(-1)
		-1(-1)
		-1(-1)
		-1(-1)
		-1(-1)
		-1(-1)
		-1(-1)
		-1(-1)
		-1(-1)

Cell: 42
	Neighbours (Ek):
		25(-3.40095e-25)
		26(1.59915e-25)
		27(9.86401e-25)
		28(1.59915e-25)
		29(-3.40095e-25)
		32(-1.75861e-24)
		35(-1.75861e-24)
		36(-5.55582e-23)
		39(9.86401e-25)
		40(7.60209e-24)
		41(2.55528e-22)
		43(2.55528e-22)
		44(7.60209e-24)
		45(9.86401e-25)
		46(2.32752e-25)
		49(-1.75861e-24)
		50(-5.55582e-23)
		55(-1.58789e-24)
		56(-1.75861e-24)
		67(-3.40095e-25)
		-1(-1)
		-1(-1)
		-1(-1)
		-1(-1)
		-1(-1)
		-1(-1)
		-1(-1)
		-1(-1)
		-1(-1)
		-1(-1)
		-1(-1)

Cell: 43
	Neighbours (Ek):
		26(-3.40095e-25)
		27(1.59915e-25)
		28(9.86401e-25)
		29(1.59915e-25)
		32(7.60209e-24)
		35(1.59915e-25)
		36(2.55528e-22)
		37(1.59915e-25)
		39(2.32752e-25)
		40(9.86401e-25)
		41(7.60209e-24)
		42(2.55528e-22)
		44(2.55528e-22)
		45(7.60209e-24)
		46(9.86401e-25)
		49(1.59915e-25)
		50(2.55528e-22)
		51(1.59915e-25)
		55(-3.40095e-25)
		56(7.60209e-24)
		57(-3.40095e-25)
		-1(-1)
		-1(-1)
		-1(-1)
		-1(-1)
		-1(-1)
		-1(-1)
		-1(-1)
		-1(-1)
		-1(-1)
		-1(-1)

Cell: 44
	Neighbours (Ek):
		27(-3.40095e-25)
		28(1.59915e-25)
		29(9.86401e-25)
		32(-1.75861e-24)
		36(-5.55582e-23)
		37(-1.75861e-24)
		41(9.86401e-25)
		42(7.60209e-24)
		43(2.55528e-22)
		45(2.55528e-22)
		46(7.60209e-24)
		47(9.86401e-25)
		50(-5.55582e-23)
		51(-1.75861e-24)
		56(-1.75861e-24)
		57(-1.58789e-24)
		68(-3.40095e-25)
		-1(-1)
		-1(-1)
		-1(-1)
		-1(-1)
		-1(-1)
		-1(-1)
		-1(-1)
		-1(-1)
		-1(-1)
		-1(-1)
		-1(-1)
		-1(-1)
		-1(-1)
		-1(-1)

Cell: 45
	Neighbours (Ek):
		28(-3.40095e-25)
		29(1.59915e-25)
		32(-1.58789e-24)
		36(-1.75861e-24)
		37(-5.55582e-23)
		42(9.86401e-25)
		43(7.60209e-24)
		44(2.55528e-22)
		46(2.55528e-22)
		47(7.60209e-24)
		50(-1.75861e-24)
		51(-5.55582e-23)
		56(-1.58789e-24)
		57(-1.75861e-24)
		68(1.59915e-25)
		-1(-1)
		-1(-1)
		-1(-1)
		-1(-1)
		-1(-1)
		-1(-1)
		-1(-1)
		-1(-1)
		-1(-1)
		-1(-1)
		-1(-1)
		-1(-1)
		-1(-1)
		-1(-1)
		-1(-1)
		-1(-1)

Cell: 46
	Neighbours (Ek):
		29(-3.40095e-25)
		32(-3.40095e-25)
		36(1.59915e-25)
		37(2.55528e-22)
		42(2.32752e-25)
		43(9.86401e-25)
		44(7.60209e-24)
		45(2.55528e-22)
		47(2.55528e-22)
		50(1.59915e-25)
		51(2.55528e-22)
		56(-3.40095e-25)
		57(7.60209e-24)
		68(9.86401e-25)
		-1(-1)
		-1(-1)
		-1(-1)
		-1(-1)
		-1(-1)
		-1(-1)
		-1(-1)
		-1(-1)
		-1(-1)
		-1(-1)
		-1(-1)
		-1(-1)
		-1(-1)
		-1(-1)
		-1(-1)
		-1(-1)
		-1(-1)

Cell: 47
	Neighbours (Ek):
		37(-5.55582e-23)
		44(9.86401e-25)
		45(7.60209e-24)
		46(2.55528e-22)
		51(-5.55582e-23)
		57(-1.75861e-24)
		68(1.59915e-25)
		-1(-1)
		-1(-1)
		-1(-1)
		-1(-1)
		-1(-1)
		-1(-1)
		-1(-1)
		-1(-1)
		-1(-1)
		-1(-1)
		-1(-1)
		-1(-1)
		-1(-1)
		-1(-1)
		-1(-1)
		-1(-1)
		-1(-1)
		-1(-1)
		-1(-1)
		-1(-1)
		-1(-1)
		-1(-1)
		-1(-1)
		-1(-1)

Cell: 48
	Neighbours (Ek):
		19(2.32752e-25)
		30(9.86401e-25)
		33(7.60209e-24)
		34(-3.40095e-25)
		38(2.55528e-22)
		52(1.59915e-25)
		53(2.55528e-22)
		54(1.59915e-25)
		59(-3.40095e-25)
		60(-1.58789e-24)
		61(-1.75861e-24)
		62(7.60209e-24)
		63(-1.75861e-24)
		64(-1.58789e-24)
		65(-3.40095e-25)
		70(9.86401e-25)
		75(2.32752e-25)
		-1(-1)
		-1(-1)
		-1(-1)
		-1(-1)
		-1(-1)
		-1(-1)
		-1(-1)
		-1(-1)
		-1(-1)
		-1(-1)
		-1(-1)
		-1(-1)
		-1(-1)
		-1(-1)

Cell: 49
	Neighbours (Ek):
		34(-3.40095e-25)
		35(7.60209e-24)
		36(-3.40095e-25)
		39(-5.55582e-23)
		40(2.55528e-22)
		41(-5.55582e-23)
		42(-1.75861e-24)
		43(1.59915e-25)
		50(9.86401e-25)
		54(1.59915e-25)
		55(2.55528e-22)
		56(1.59915e-25)
		65(-3.40095e-25)
		66(-1.58789e-24)
		67(7.60209e-24)
		72(9.86401e-25)
		-1(-1)
		-1(-1)
		-1(-1)
		-1(-1)
		-1(-1)
		-1(-1)
		-1(-1)
		-1(-1)
		-1(-1)
		-1(-1)
		-1(-1)
		-1(-1)
		-1(-1)
		-1(-1)
		-1(-1)

Cell: 50
	Neighbours (Ek):
		28(2.32752e-25)
		32(9.86401e-25)
		35(-3.40095e-25)
		36(7.60209e-24)
		37(-3.40095e-25)
		40(1.59915e-25)
		41(-1.75861e-24)
		42(-5.55582e-23)
		43(2.55528e-22)
		44(-5.55582e-23)
		45(-1.75861e-24)
		46(1.59915e-25)
		49(9.86401e-25)
		51(9.86401e-25)
		55(1.59915e-25)
		56(2.55528e-22)
		57(1.59915e-25)
		67(-3.40095e-25)
		68(-3.40095e-25)
		-1(-1)
		-1(-1)
		-1(-1)
		-1(-1)
		-1(-1)
		-1(-1)
		-1(-1)
		-1(-1)
		-1(-1)
		-1(-1)
		-1(-1)
		-1(-1)

Cell: 51
	Neighbours (Ek):
		36(-3.40095e-25)
		37(7.60209e-24)
		43(1.59915e-25)
		44(-1.75861e-24)
		45(-5.55582e-23)
		46(2.55528e-22)
		47(-5.55582e-23)
		50(9.86401e-25)
		56(1.59915e-25)
		57(2.55528e-22)
		68(7.60209e-24)
		73(9.86401e-25)
		79(2.32752e-25)
		-1(-1)
		-1(-1)
		-1(-1)
		-1(-1)
		-1(-1)
		-1(-1)
		-1(-1)
		-1(-1)
		-1(-1)
		-1(-1)
		-1(-1)
		-1(-1)
		-1(-1)
		-1(-1)
		-1(-1)
		-1(-1)
		-1(-1)
		-1(-1)

Cell: 52
	Neighbours (Ek):
		38(-3.40095e-25)
		48(1.59915e-25)
		53(9.86401e-25)
		58(-5.55582e-23)
		59(2.55528e-22)
		60(-5.55582e-23)
		61(-1.75861e-24)
		62(1.59915e-25)
		69(7.60209e-24)
		70(-3.40095e-25)
		74(9.86401e-25)
		-1(-1)
		-1(-1)
		-1(-1)
		-1(-1)
		-1(-1)
		-1(-1)
		-1(-1)
		-1(-1)
		-1(-1)
		-1(-1)
		-1(-1)
		-1(-1)
		-1(-1)
		-1(-1)
		-1(-1)
		-1(-1)
		-1(-1)
		-1(-1)
		-1(-1)
		-1(-1)

Cell: 53
	Neighbours (Ek):
		30(2.32752e-25)
		33(9.86401e-25)
		38(7.60209e-24)
		48(2.55528e-22)
		52(9.86401e-25)
		54(9.86401e-25)
		59(1.59915e-25)
		60(-1.75861e-24)
		61(-5.55582e-23)
		62(2.55528e-22)
		63(-5.55582e-23)
		64(-1.75861e-24)
		65(1.59915e-25)
		69(-3.40095e-25)
		70(7.60209e-24)
		71(-3.40095e-25)
		75(9.86401e-25)
		-1(-1)
		-1(-1)
		-1(-1)
		-1(-1)
		-1(-1)
		-1(-1)
		-1(-1)
		-1(-1)
		-1(-1)
		-1(-1)
		-1(-1)
		-1(-1)
		-1(-1)
		-1(-1)

Cell: 54
	Neighbours (Ek):
		34(9.86401e-25)
		38(-3.40095e-25)
		39(-1.58789e-24)
		40(-3.40095e-25)
		48(1.59915e-25)
		49(1.59915e-25)
		53(9.86401e-25)
		55(9.86401e-25)
		62(1.59915e-25)
		63(-1.75861e-24)
		64(-5.55582e-23)
		65(2.55528e-22)
		66(-5.55582e-23)
		67(1.59915e-25)
		70(-3.40095e-25)
		71(7.60209e-24)
		72(-3.40095e-25)
		76(9.86401e-25)
		77(-3.40095e-25)
		81(2.32752e-25)
		-1(-1)
		-1(-1)
		-1(-1)
		-1(-1)
		-1(-1)
		-1(-1)
		-1(-1)
		-1(-1)
		-1(-1)
		-1(-1)
		-1(-1)

Cell: 55
	Neighbours (Ek):
		35(9.86401e-25)
		39(-1.75861e-24)
		40(7.60209e-24)
		41(-1.75861e-24)
		42(-1.58789e-24)
		43(-3.40095e-25)
		49(2.55528e-22)
		50(1.59915e-25)
		54(9.86401e-25)
		56(9.86401e-25)
		65(1.59915e-25)
		66(-1.75861e-24)
		67(2.55528e-22)
		71(-3.40095e-25)
		72(7.60209e-24)
		77(1.59915e-25)
		78(1.59915e-25)
		83(2.32752e-25)
		-1(-1)
		-1(-1)
		-1(-1)
		-1(-1)
		-1(-1)
		-1(-1)
		-1(-1)
		-1(-1)
		-1(-1)
		-1(-1)
		-1(-1)
		-1(-1)
		-1(-1)

Cell: 56
	Neighbours (Ek):
		36(9.86401e-25)
		40(-3.40095e-25)
		41(-1.58789e-24)
		42(-1.75861e-24)
		43(7.60209e-24)
		44(-1.75861e-24)
		45(-1.58789e-24)
		46(-3.40095e-25)
		49(1.59915e-25)
		50(2.55528e-22)
		51(1.59915e-25)
		55(9.86401e-25)
		57(9.86401e-25)
		67(1.59915e-25)
		68(1.59915e-25)
		72(-3.40095e-25)
		73(-3.40095e-25)
		78(-3.40095e-25)
		-1(-1)
		-1(-1)
		-1(-1)
		-1(-1)
		-1(-1)
		-1(-1)
		-1(-1)
		-1(-1)
		-1(-1)
		-1(-1)
		-1(-1)
		-1(-1)
		-1(-1)

Cell: 57
	Neighbours (Ek):
		37(9.86401e-25)
		43(-3.40095e-25)
		44(-1.58789e-24)
		45(-1.75861e-24)
		46(7.60209e-24)
		47(-1.75861e-24)
		50(1.59915e-25)
		51(2.55528e-22)
		56(9.86401e-25)
		68(2.55528e-22)
		73(7.60209e-24)
		79(9.86401e-25)
		85(2.32752e-25)
		-1(-1)
		-1(-1)
		-1(-1)
		-1(-1)
		-1(-1)
		-1(-1)
		-1(-1)
		-1(-1)
		-1(-1)
		-1(-1)
		-1(-1)
		-1(-1)
		-1(-1)
		-1(-1)
		-1(-1)
		-1(-1)
		-1(-1)
		-1(-1)

Cell: 58
	Neighbours (Ek):
		52(-5.55582e-23)
		59(2.55528e-22)
		60(7.60209e-24)
		61(9.86401e-25)
		69(-5.55582e-23)
		74(-1.75861e-24)
		80(1.59915e-25)
		-1(-1)
		-1(-1)
		-1(-1)
		-1(-1)
		-1(-1)
		-1(-1)
		-1(-1)
		-1(-1)
		-1(-1)
		-1(-1)
		-1(-1)
		-1(-1)
		-1(-1)
		-1(-1)
		-1(-1)
		-1(-1)
		-1(-1)
		-1(-1)
		-1(-1)
		-1(-1)
		-1(-1)
		-1(-1)
		-1(-1)
		-1(-1)

Cell: 59
	Neighbours (Ek):
		48(-3.40095e-25)
		52(2.55528e-22)
		53(1.59915e-25)
		58(2.55528e-22)
		60(2.55528e-22)
		61(7.60209e-24)
		62(9.86401e-25)
		69(2.55528e-22)
		70(1.59915e-25)
		74(7.60209e-24)
		75(-3.40095e-25)
		80(9.86401e-25)
		86(2.32752e-25)
		-1(-1)
		-1(-1)
		-1(-1)
		-1(-1)
		-1(-1)
		-1(-1)
		-1(-1)
		-1(-1)
		-1(-1)
		-1(-1)
		-1(-1)
		-1(-1)
		-1(-1)
		-1(-1)
		-1(-1)
		-1(-1)
		-1(-1)
		-1(-1)

Cell: 60
	Neighbours (Ek):
		38(-3.40095e-25)
		48(-1.58789e-24)
		52(-5.55582e-23)
		53(-1.75861e-24)
		58(7.60209e-24)
		59(2.55528e-22)
		61(2.55528e-22)
		62(7.60209e-24)
		63(9.86401e-25)
		64(2.32752e-25)
		69(-5.55582e-23)
		70(-1.75861e-24)
		74(-1.75861e-24)
		75(-1.58789e-24)
		80(1.59915e-25)
		-1(-1)
		-1(-1)
		-1(-1)
		-1(-1)
		-1(-1)
		-1(-1)
		-1(-1)
		-1(-1)
		-1(-1)
		-1(-1)
		-1(-1)
		-1(-1)
		-1(-1)
		-1(-1)
		-1(-1)
		-1(-1)

Cell: 61
	Neighbours (Ek):
		38(1.59915e-25)
		48(-1.75861e-24)
		52(-1.75861e-24)
		53(-5.55582e-23)
		58(9.86401e-25)
		59(7.60209e-24)
		60(2.55528e-22)
		62(2.55528e-22)
		63(7.60209e-24)
		64(9.86401e-25)
		69(-1.75861e-24)
		70(-5.55582e-23)
		74(-1.58789e-24)
		75(-1.75861e-24)
		80(-3.40095e-25)
		-1(-1)
		-1(-1)
		-1(-1)
		-1(-1)
		-1(-1)
		-1(-1)
		-1(-1)
		-1(-1)
		-1(-1)
		-1(-1)
		-1(-1)
		-1(-1)
		-1(-1)
		-1(-1)
		-1(-1)
		-1(-1)

Cell: 62
	Neighbours (Ek):
		33(2.32752e-25)
		38(9.86401e-25)
		48(7.60209e-24)
		52(1.59915e-25)
		53(2.55528e-22)
		54(1.59915e-25)
		59(9.86401e-25)
		60(7.60209e-24)
		61(2.55528e-22)
		63(2.55528e-22)
		64(7.60209e-24)
		65(9.86401e-25)
		66(2.32752e-25)
		69(1.59915e-25)
		70(2.55528e-22)
		71(1.59915e-25)
		74(-3.40095e-25)
		75(7.60209e-24)
		76(-3.40095e-25)
		-1(-1)
		-1(-1)
		-1(-1)
		-1(-1)
		-1(-1)
		-1(-1)
		-1(-1)
		-1(-1)
		-1(-1)
		-1(-1)
		-1(-1)
		-1(-1)

Cell: 63
	Neighbours (Ek):
		38(1.59915e-25)
		48(-1.75861e-24)
		53(-5.55582e-23)
		54(-1.75861e-24)
		60(9.86401e-25)
		61(7.60209e-24)
		62(2.55528e-22)
		64(2.55528e-22)
		65(7.60209e-24)
		66(9.86401e-25)
		70(-5.55582e-23)
		71(-1.75861e-24)
		75(-1.75861e-24)
		76(-1.58789e-24)
		81(-3.40095e-25)
		-1(-1)
		-1(-1)
		-1(-1)
		-1(-1)
		-1(-1)
		-1(-1)
		-1(-1)
		-1(-1)
		-1(-1)
		-1(-1)
		-1(-1)
		-1(-1)
		-1(-1)
		-1(-1)
		-1(-1)
		-1(-1)

Cell: 64
	Neighbours (Ek):
		38(-3.40095e-25)
		48(-1.58789e-24)
		53(-1.75861e-24)
		54(-5.55582e-23)
		60(2.32752e-25)
		61(9.86401e-25)
		62(7.60209e-24)
		63(2.55528e-22)
		65(2.55528e-22)
		66(7.60209e-24)
		70(-1.75861e-24)
		71(-5.55582e-23)
		75(-1.58789e-24)
		76(-1.75861e-24)
		77(-3.40095e-25)
		81(1.59915e-25)
		-1(-1)
		-1(-1)
		-1(-1)
		-1(-1)
		-1(-1)
		-1(-1)
		-1(-1)
		-1(-1)
		-1(-1)
		-1(-1)
		-1(-1)
		-1(-1)
		-1(-1)
		-1(-1)
		-1(-1)

Cell: 65
	Neighbours (Ek):
		39(-3.40095e-25)
		48(-3.40095e-25)
		49(-3.40095e-25)
		53(1.59915e-25)
		54(2.55528e-22)
		55(1.59915e-25)
		62(9.86401e-25)
		63(7.60209e-24)
		64(2.55528e-22)
		66(2.55528e-22)
		67(9.86401e-25)
		70(1.59915e-25)
		71(2.55528e-22)
		72(1.59915e-25)
		75(-3.40095e-25)
		76(7.60209e-24)
		77(-1.58789e-24)
		81(9.86401e-25)
		82(-3.40095e-25)
		87(2.32752e-25)
		-1(-1)
		-1(-1)
		-1(-1)
		-1(-1)
		-1(-1)
		-1(-1)
		-1(-1)
		-1(-1)
		-1(-1)
		-1(-1)
		-1(-1)

Cell: 66
	Neighbours (Ek):
		39(1.59915e-25)
		40(-3.40095e-25)
		49(-1.58789e-24)
		54(-5.55582e-23)
		55(-1.75861e-24)
		62(2.32752e-25)
		63(9.86401e-25)
		64(7.60209e-24)
		65(2.55528e-22)
		67(7.60209e-24)
		71(-5.55582e-23)
		72(-1.75861e-24)
		76(-1.75861e-24)
		77(-1.75861e-24)
		78(-3.40095e-25)
		81(1.59915e-25)
		82(1.59915e-25)
		83(-3.40095e-25)
		-1(-1)
		-1(-1)
		-1(-1)
		-1(-1)
		-1(-1)
		-1(-1)
		-1(-1)
		-1(-1)
		-1(-1)
		-1(-1)
		-1(-1)
		-1(-1)
		-1(-1)

Cell: 67
	Neighbours (Ek):
		35(2.32752e-25)
		39(1.59915e-25)
		40(9.86401e-25)
		41(1.59915e-25)
		42(-3.40095e-25)
		49(7.60209e-24)
		50(-3.40095e-25)
		54(1.59915e-25)
		55(2.55528e-22)
		56(1.59915e-25)
		65(9.86401e-25)
		66(7.60209e-24)
		71(1.59915e-25)
		72(2.55528e-22)
		76(-3.40095e-25)
		77(-1.75861e-24)
		78(-1.75861e-24)
		82(1.59915e-25)
		83(9.86401e-25)
		84(1.59915e-25)
		-1(-1)
		-1(-1)
		-1(-1)
		-1(-1)
		-1(-1)
		-1(-1)
		-1(-1)
		-1(-1)
		-1(-1)
		-1(-1)
		-1(-1)

Cell: 68
	Neighbours (Ek):
		37(2.32752e-25)
		44(-3.40095e-25)
		45(1.59915e-25)
		46(9.86401e-25)
		47(1.59915e-25)
		50(-3.40095e-25)
		51(7.60209e-24)
		56(1.59915e-25)
		57(2.55528e-22)
		73(2.55528e-22)
		79(7.60209e-24)
		85(9.86401e-25)
		-1(-1)
		-1(-1)
		-1(-1)
		-1(-1)
		-1(-1)
		-1(-1)
		-1(-1)
		-1(-1)
		-1(-1)
		-1(-1)
		-1(-1)
		-1(-1)
		-1(-1)
		-1(-1)
		-1(-1)
		-1(-1)
		-1(-1)
		-1(-1)
		-1(-1)

Cell: 69
	Neighbours (Ek):
		52(7.60209e-24)
		53(-3.40095e-25)
		58(-5.55582e-23)
		59(2.55528e-22)
		60(-5.55582e-23)
		61(-1.75861e-24)
		62(1.59915e-25)
		70(9.86401e-25)
		74(2.55528e-22)
		75(1.59915e-25)
		80(7.60209e-24)
		86(9.86401e-25)
		-1(-1)
		-1(-1)
		-1(-1)
		-1(-1)
		-1(-1)
		-1(-1)
		-1(-1)
		-1(-1)
		-1(-1)
		-1(-1)
		-1(-1)
		-1(-1)
		-1(-1)
		-1(-1)
		-1(-1)
		-1(-1)
		-1(-1)
		-1(-1)
		-1(-1)

Cell: 70
	Neighbours (Ek):
		48(9.86401e-25)
		52(-3.40095e-25)
		53(7.60209e-24)
		54(-3.40095e-25)
		59(1.59915e-25)
		60(-1.75861e-24)
		61(-5.55582e-23)
		62(2.55528e-22)
		63(-5.55582e-23)
		64(-1.75861e-24)
		65(1.59915e-25)
		69(9.86401e-25)
		71(9.86401e-25)
		74(1.59915e-25)
		75(2.55528e-22)
		76(1.59915e-25)
		80(-3.40095e-25)
		81(-3.40095e-25)
		-1(-1)
		-1(-1)
		-1(-1)
		-1(-1)
		-1(-1)
		-1(-1)
		-1(-1)
		-1(-1)
		-1(-1)
		-1(-1)
		-1(-1)
		-1(-1)
		-1(-1)

Cell: 71
	Neighbours (Ek):
		53(-3.40095e-25)
		54(7.60209e-24)
		55(-3.40095e-25)
		62(1.59915e-25)
		63(-1.75861e-24)
		64(-5.55582e-23)
		65(2.55528e-22)
		66(-5.55582e-23)
		67(1.59915e-25)
		70(9.86401e-25)
		72(9.86401e-25)
		75(1.59915e-25)
		76(2.55528e-22)
		77(-1.75861e-24)
		81(7.60209e-24)
		82(-1.58789e-24)
		83(-3.40095e-25)
		87(9.86401e-25)
		-1(-1)
		-1(-1)
		-1(-1)
		-1(-1)
		-1(-1)
		-1(-1)
		-1(-1)
		-1(-1)
		-1(-1)
		-1(-1)
		-1(-1)
		-1(-1)
		-1(-1)

Cell: 72
	Neighbours (Ek):
		40(2.32752e-25)
		49(9.86401e-25)
		54(-3.40095e-25)
		55(7.60209e-24)
		56(-3.40095e-25)
		65(1.59915e-25)
		66(-1.75861e-24)
		67(2.55528e-22)
		71(9.86401e-25)
		76(1.59915e-25)
		77(-5.55582e-23)
		78(-5.55582e-23)
		81(-3.40095e-25)
		82(-1.75861e-24)
		83(7.60209e-24)
		84(-1.75861e-24)
		88(9.86401e-25)
		-1(-1)
		-1(-1)
		-1(-1)
		-1(-1)
		-1(-1)
		-1(-1)
		-1(-1)
		-1(-1)
		-1(-1)
		-1(-1)
		-1(-1)
		-1(-1)
		-1(-1)
		-1(-1)

Cell: 73
	Neighbours (Ek):
		51(9.86401e-25)
		56(-3.40095e-25)
		57(7.60209e-24)
		68(2.55528e-22)
		79(2.55528e-22)
		85(7.60209e-24)
		89(9.86401e-25)
		94(2.32752e-25)
		-1(-1)
		-1(-1)
		-1(-1)
		-1(-1)
		-1(-1)
		-1(-1)
		-1(-1)
		-1(-1)
		-1(-1)
		-1(-1)
		-1(-1)
		-1(-1)
		-1(-1)
		-1(-1)
		-1(-1)
		-1(-1)
		-1(-1)
		-1(-1)
		-1(-1)
		-1(-1)
		-1(-1)
		-1(-1)
		-1(-1)

Cell: 74
	Neighbours (Ek):
		52(9.86401e-25)
		58(-1.75861e-24)
		59(7.60209e-24)
		60(-1.75861e-24)
		61(-1.58789e-24)
		62(-3.40095e-25)
		69(2.55528e-22)
		70(1.59915e-25)
		75(9.86401e-25)
		80(2.55528e-22)
		86(7.60209e-24)
		90(9.86401e-25)
		95(2.32752e-25)
		-1(-1)
		-1(-1)
		-1(-1)
		-1(-1)
		-1(-1)
		-1(-1)
		-1(-1)
		-1(-1)
		-1(-1)
		-1(-1)
		-1(-1)
		-1(-1)
		-1(-1)
		-1(-1)
		-1(-1)
		-1(-1)
		-1(-1)
		-1(-1)

Cell: 75
	Neighbours (Ek):
		48(2.32752e-25)
		53(9.86401e-25)
		59(-3.40095e-25)
		60(-1.58789e-24)
		61(-1.75861e-24)
		62(7.60209e-24)
		63(-1.75861e-24)
		64(-1.58789e-24)
		65(-3.40095e-25)
		69(1.59915e-25)
		70(2.55528e-22)
		71(1.59915e-25)
		74(9.86401e-25)
		76(9.86401e-25)
		80(1.59915e-25)
		81(1.59915e-25)
		86(-3.40095e-25)
		87(-3.40095e-25)
		91(-3.40095e-25)
		-1(-1)
		-1(-1)
		-1(-1)
		-1(-1)
		-1(-1)
		-1(-1)
		-1(-1)
		-1(-1)
		-1(-1)
		-1(-1)
		-1(-1)
		-1(-1)

Cell: 76
	Neighbours (Ek):
		54(9.86401e-25)
		62(-3.40095e-25)
		63(-1.58789e-24)
		64(-1.75861e-24)
		65(7.60209e-24)
		66(-1.75861e-24)
		67(-3.40095e-25)
		70(1.59915e-25)
		71(2.55528e-22)
		72(1.59915e-25)
		75(9.86401e-25)
		77(7.60209e-24)
		78(2.32752e-25)
		81(2.55528e-22)
		82(-1.75861e-24)
		83(1.59915e-25)
		87(7.60209e-24)
		88(-3.40095e-25)
		91(1.59915e-25)
		92(1.59915e-25)
		-1(-1)
		-1(-1)
		-1(-1)
		-1(-1)
		-1(-1)
		-1(-1)
		-1(-1)
		-1(-1)
		-1(-1)
		-1(-1)
		-1(-1)

Cell: 77
	Neighbours (Ek):
		54(-3.40095e-25)
		55(1.59915e-25)
		64(-3.40095e-25)
		65(-1.58789e-24)
		66(-1.75861e-24)
		67(-1.75861e-24)
		71(-1.75861e-24)
		72(-5.55582e-23)
		76(7.60209e-24)
		78(7.60209e-24)
		81(-1.75861e-24)
		82(2.55528e-22)
		83(-5.55582e-23)
		84(-1.75861e-24)
		87(-1.58789e-24)
		88(-1.75861e-24)
		92(1.59915e-25)
		93(1.59915e-25)
		-1(-1)
		-1(-1)
		-1(-1)
		-1(-1)
		-1(-1)
		-1(-1)
		-1(-1)
		-1(-1)
		-1(-1)
		-1(-1)
		-1(-1)
		-1(-1)
		-1(-1)

Cell: 78
	Neighbours (Ek):
		55(1.59915e-25)
		56(-3.40095e-25)
		66(-3.40095e-25)
		67(-1.75861e-24)
		72(-5.55582e-23)
		76(2.32752e-25)
		77(7.60209e-24)
		82(-1.75861e-24)
		83(-5.55582e-23)
		84(2.55528e-22)
		88(-1.75861e-24)
		93(1.59915e-25)
		-1(-1)
		-1(-1)
		-1(-1)
		-1(-1)
		-1(-1)
		-1(-1)
		-1(-1)
		-1(-1)
		-1(-1)
		-1(-1)
		-1(-1)
		-1(-1)
		-1(-1)
		-1(-1)
		-1(-1)
		-1(-1)
		-1(-1)
		-1(-1)
		-1(-1)

Cell: 79
	Neighbours (Ek):
		51(2.32752e-25)
		57(9.86401e-25)
		68(7.60209e-24)
		73(2.55528e-22)
		85(2.55528e-22)
		89(7.60209e-24)
		94(9.86401e-25)
		100(2.32752e-25)
		-1(-1)
		-1(-1)
		-1(-1)
		-1(-1)
		-1(-1)
		-1(-1)
		-1(-1)
		-1(-1)
		-1(-1)
		-1(-1)
		-1(-1)
		-1(-1)
		-1(-1)
		-1(-1)
		-1(-1)
		-1(-1)
		-1(-1)
		-1(-1)
		-1(-1)
		-1(-1)
		-1(-1)
		-1(-1)
		-1(-1)

Cell: 80
	Neighbours (Ek):
		58(1.59915e-25)
		59(9.86401e-25)
		60(1.59915e-25)
		61(-3.40095e-25)
		69(7.60209e-24)
		70(-3.40095e-25)
		74(2.55528e-22)
		75(1.59915e-25)
		86(2.55528e-22)
		90(7.60209e-24)
		95(9.86401e-25)
		101(2.32752e-25)
		-1(-1)
		-1(-1)
		-1(-1)
		-1(-1)
		-1(-1)
		-1(-1)
		-1(-1)
		-1(-1)
		-1(-1)
		-1(-1)
		-1(-1)
		-1(-1)
		-1(-1)
		-1(-1)
		-1(-1)
		-1(-1)
		-1(-1)
		-1(-1)
		-1(-1)

Cell: 81
	Neighbours (Ek):
		54(2.32752e-25)
		63(-3.40095e-25)
		64(1.59915e-25)
		65(9.86401e-25)
		66(1.59915e-25)
		70(-3.40095e-25)
		71(7.60209e-24)
		72(-3.40095e-25)
		75(1.59915e-25)
		76(2.55528e-22)
		77(-1.75861e-24)
		82(7.60209e-24)
		83(9.86401e-25)
		87(2.55528e-22)
		88(1.59915e-25)
		91(-1.75861e-24)
		92(-1.75861e-24)
		93(-3.40095e-25)
		96(1.59915e-25)
		97(9.86401e-25)
		98(1.59915e-25)
		102(2.32752e-25)
		-1(-1)
		-1(-1)
		-1(-1)
		-1(-1)
		-1(-1)
		-1(-1)
		-1(-1)
		-1(-1)
		-1(-1)

Cell: 82
	Neighbours (Ek):
		65(-3.40095e-25)
		66(1.59915e-25)
		67(1.59915e-25)
		71(-1.58789e-24)
		72(-1.75861e-24)
		76(-1.75861e-24)
		77(2.55528e-22)
		78(-1.75861e-24)
		81(7.60209e-24)
		83(2.55528e-22)
		84(7.60209e-24)
		87(-1.75861e-24)
		88(-5.55582e-23)
		91(-3.40095e-25)
		92(-1.75861e-24)
		93(-1.75861e-24)
		97(-3.40095e-25)
		98(1.59915e-25)
		99(1.59915e-25)
		-1(-1)
		-1(-1)
		-1(-1)
		-1(-1)
		-1(-1)
		-1(-1)
		-1(-1)
		-1(-1)
		-1(-1)
		-1(-1)
		-1(-1)
		-1(-1)

Cell: 83
	Neighbours (Ek):
		55(2.32752e-25)
		66(-3.40095e-25)
		67(9.86401e-25)
		71(-3.40095e-25)
		72(7.60209e-24)
		76(1.59915e-25)
		77(-5.55582e-23)
		78(-5.55582e-23)
		81(9.86401e-25)
		82(2.55528e-22)
		84(2.55528e-22)
		87(1.59915e-25)
		88(2.55528e-22)
		92(-1.58789e-24)
		93(7.60209e-24)
		98(-3.40095e-25)
		99(9.86401e-25)
		-1(-1)
		-1(-1)
		-1(-1)
		-1(-1)
		-1(-1)
		-1(-1)
		-1(-1)
		-1(-1)
		-1(-1)
		-1(-1)
		-1(-1)
		-1(-1)
		-1(-1)
		-1(-1)

Cell: 84
	Neighbours (Ek):
		67(1.59915e-25)
		72(-1.75861e-24)
		77(-1.75861e-24)
		78(2.55528e-22)
		82(7.60209e-24)
		83(2.55528e-22)
		88(-5.55582e-23)
		92(-3.40095e-25)
		93(-1.75861e-24)
		99(1.59915e-25)
		-1(-1)
		-1(-1)
		-1(-1)
		-1(-1)
		-1(-1)
		-1(-1)
		-1(-1)
		-1(-1)
		-1(-1)
		-1(-1)
		-1(-1)
		-1(-1)
		-1(-1)
		-1(-1)
		-1(-1)
		-1(-1)
		-1(-1)
		-1(-1)
		-1(-1)
		-1(-1)
		-1(-1)

Cell: 85
	Neighbours (Ek):
		57(2.32752e-25)
		68(9.86401e-25)
		73(7.60209e-24)
		79(2.55528e-22)
		89(2.55528e-22)
		94(7.60209e-24)
		100(9.86401e-25)
		-1(-1)
		-1(-1)
		-1(-1)
		-1(-1)
		-1(-1)
		-1(-1)
		-1(-1)
		-1(-1)
		-1(-1)
		-1(-1)
		-1(-1)
		-1(-1)
		-1(-1)
		-1(-1)
		-1(-1)
		-1(-1)
		-1(-1)
		-1(-1)
		-1(-1)
		-1(-1)
		-1(-1)
		-1(-1)
		-1(-1)
		-1(-1)

Cell: 86
	Neighbours (Ek):
		59(2.32752e-25)
		69(9.86401e-25)
		74(7.60209e-24)
		75(-3.40095e-25)
		80(2.55528e-22)
		90(2.55528e-22)
		95(7.60209e-24)
		101(9.86401e-25)
		-1(-1)
		-1(-1)
		-1(-1)
		-1(-1)
		-1(-1)
		-1(-1)
		-1(-1)
		-1(-1)
		-1(-1)
		-1(-1)
		-1(-1)
		-1(-1)
		-1(-1)
		-1(-1)
		-1(-1)
		-1(-1)
		-1(-1)
		-1(-1)
		-1(-1)
		-1(-1)
		-1(-1)
		-1(-1)
		-1(-1)

Cell: 87
	Neighbours (Ek):
		65(2.32752e-25)
		71(9.86401e-25)
		75(-3.40095e-25)
		76(7.60209e-24)
		77(-1.58789e-24)
		81(2.55528e-22)
		82(-1.75861e-24)
		83(1.59915e-25)
		88(9.86401e-25)
		91(-5.55582e-23)
		92(-5.55582e-23)
		93(1.59915e-25)
		96(-1.75861e-24)
		97(7.60209e-24)
		98(-1.75861e-24)
		99(-3.40095e-25)
		102(9.86401e-25)
		-1(-1)
		-1(-1)
		-1(-1)
		-1(-1)
		-1(-1)
		-1(-1)
		-1(-1)
		-1(-1)
		-1(-1)
		-1(-1)
		-1(-1)
		-1(-1)
		-1(-1)
		-1(-1)

Cell: 88
	Neighbours (Ek):
		72(9.86401e-25)
		76(-3.40095e-25)
		77(-1.75861e-24)
		78(-1.75861e-24)
		81(1.59915e-25)
		82(-5.55582e-23)
		83(2.55528e-22)
		84(-5.55582e-23)
		87(9.86401e-25)
		92(-1.75861e-24)
		93(2.55528e-22)
		97(-3.40095e-25)
		98(-1.58789e-24)
		99(7.60209e-24)
		103(9.86401e-25)
		107(2.32752e-25)
		-1(-1)
		-1(-1)
		-1(-1)
		-1(-1)
		-1(-1)
		-1(-1)
		-1(-1)
		-1(-1)
		-1(-1)
		-1(-1)
		-1(-1)
		-1(-1)
		-1(-1)
		-1(-1)
		-1(-1)

Cell: 89
	Neighbours (Ek):
		73(9.86401e-25)
		79(7.60209e-24)
		85(2.55528e-22)
		94(2.55528e-22)
		100(7.60209e-24)
		104(9.86401e-25)
		-1(-1)
		-1(-1)
		-1(-1)
		-1(-1)
		-1(-1)
		-1(-1)
		-1(-1)
		-1(-1)
		-1(-1)
		-1(-1)
		-1(-1)
		-1(-1)
		-1(-1)
		-1(-1)
		-1(-1)
		-1(-1)
		-1(-1)
		-1(-1)
		-1(-1)
		-1(-1)
		-1(-1)
		-1(-1)
		-1(-1)
		-1(-1)
		-1(-1)

Cell: 90
	Neighbours (Ek):
		74(9.86401e-25)
		80(7.60209e-24)
		86(2.55528e-22)
		95(2.55528e-22)
		101(7.60209e-24)
		105(9.86401e-25)
		-1(-1)
		-1(-1)
		-1(-1)
		-1(-1)
		-1(-1)
		-1(-1)
		-1(-1)
		-1(-1)
		-1(-1)
		-1(-1)
		-1(-1)
		-1(-1)
		-1(-1)
		-1(-1)
		-1(-1)
		-1(-1)
		-1(-1)
		-1(-1)
		-1(-1)
		-1(-1)
		-1(-1)
		-1(-1)
		-1(-1)
		-1(-1)
		-1(-1)

Cell: 91
	Neighbours (Ek):
		75(-3.40095e-25)
		76(1.59915e-25)
		81(-1.75861e-24)
		82(-3.40095e-25)
		87(-5.55582e-23)
		92(7.60209e-24)
		96(2.55528e-22)
		97(-5.55582e-23)
		98(-1.75861e-24)
		102(-1.75861e-24)
		106(1.59915e-25)
		-1(-1)
		-1(-1)
		-1(-1)
		-1(-1)
		-1(-1)
		-1(-1)
		-1(-1)
		-1(-1)
		-1(-1)
		-1(-1)
		-1(-1)
		-1(-1)
		-1(-1)
		-1(-1)
		-1(-1)
		-1(-1)
		-1(-1)
		-1(-1)
		-1(-1)
		-1(-1)

Cell: 92
	Neighbours (Ek):
		76(1.59915e-25)
		77(1.59915e-25)
		81(-1.75861e-24)
		82(-1.75861e-24)
		83(-1.58789e-24)
		84(-3.40095e-25)
		87(-5.55582e-23)
		88(-1.75861e-24)
		91(7.60209e-24)
		93(7.60209e-24)
		96(-1.75861e-24)
		97(-5.55582e-23)
		98(2.55528e-22)
		99(-1.75861e-24)
		102(-1.75861e-24)
		103(-1.58789e-24)
		106(1.59915e-25)
		107(-3.40095e-25)
		-1(-1)
		-1(-1)
		-1(-1)
		-1(-1)
		-1(-1)
		-1(-1)
		-1(-1)
		-1(-1)
		-1(-1)
		-1(-1)
		-1(-1)
		-1(-1)
		-1(-1)

Cell: 93
	Neighbours (Ek):
		77(1.59915e-25)
		78(1.59915e-25)
		81(-3.40095e-25)
		82(-1.75861e-24)
		83(7.60209e-24)
		84(-1.75861e-24)
		87(1.59915e-25)
		88(2.55528e-22)
		92(7.60209e-24)
		97(1.59915e-25)
		98(-1.75861e-24)
		99(2.55528e-22)
		102(-3.40095e-25)
		103(7.60209e-24)
		107(9.86401e-25)
		111(2.32752e-25)
		-1(-1)
		-1(-1)
		-1(-1)
		-1(-1)
		-1(-1)
		-1(-1)
		-1(-1)
		-1(-1)
		-1(-1)
		-1(-1)
		-1(-1)
		-1(-1)
		-1(-1)
		-1(-1)
		-1(-1)

Cell: 94
	Neighbours (Ek):
		73(2.32752e-25)
		79(9.86401e-25)
		85(7.60209e-24)
		89(2.55528e-22)
		100(2.55528e-22)
		104(7.60209e-24)
		108(9.86401e-25)
		-1(-1)
		-1(-1)
		-1(-1)
		-1(-1)
		-1(-1)
		-1(-1)
		-1(-1)
		-1(-1)
		-1(-1)
		-1(-1)
		-1(-1)
		-1(-1)
		-1(-1)
		-1(-1)
		-1(-1)
		-1(-1)
		-1(-1)
		-1(-1)
		-1(-1)
		-1(-1)
		-1(-1)
		-1(-1)
		-1(-1)
		-1(-1)

Cell: 95
	Neighbours (Ek):
		74(2.32752e-25)
		80(9.86401e-25)
		86(7.60209e-24)
		90(2.55528e-22)
		101(2.55528e-22)
		105(7.60209e-24)
		109(9.86401e-25)
		-1(-1)
		-1(-1)
		-1(-1)
		-1(-1)
		-1(-1)
		-1(-1)
		-1(-1)
		-1(-1)
		-1(-1)
		-1(-1)
		-1(-1)
		-1(-1)
		-1(-1)
		-1(-1)
		-1(-1)
		-1(-1)
		-1(-1)
		-1(-1)
		-1(-1)
		-1(-1)
		-1(-1)
		-1(-1)
		-1(-1)
		-1(-1)

Cell: 96
	Neighbours (Ek):
		81(1.59915e-25)
		87(-1.75861e-24)
		91(2.55528e-22)
		92(-1.75861e-24)
		97(2.55528e-22)
		98(7.60209e-24)
		102(-5.55582e-23)
		106(-1.75861e-24)
		110(1.59915e-25)
		-1(-1)
		-1(-1)
		-1(-1)
		-1(-1)
		-1(-1)
		-1(-1)
		-1(-1)
		-1(-1)
		-1(-1)
		-1(-1)
		-1(-1)
		-1(-1)
		-1(-1)
		-1(-1)
		-1(-1)
		-1(-1)
		-1(-1)
		-1(-1)
		-1(-1)
		-1(-1)
		-1(-1)
		-1(-1)

Cell: 97
	Neighbours (Ek):
		81(9.86401e-25)
		82(-3.40095e-25)
		87(7.60209e-24)
		88(-3.40095e-25)
		91(-5.55582e-23)
		92(-5.55582e-23)
		93(1.59915e-25)
		96(2.55528e-22)
		98(2.55528e-22)
		99(9.86401e-25)
		102(2.55528e-22)
		103(1.59915e-25)
		106(7.60209e-24)
		107(-3.40095e-25)
		110(9.86401e-25)
		-1(-1)
		-1(-1)
		-1(-1)
		-1(-1)
		-1(-1)
		-1(-1)
		-1(-1)
		-1(-1)
		-1(-1)
		-1(-1)
		-1(-1)
		-1(-1)
		-1(-1)
		-1(-1)
		-1(-1)
		-1(-1)

Cell: 98
	Neighbours (Ek):
		81(1.59915e-25)
		82(1.59915e-25)
		83(-3.40095e-25)
		87(-1.75861e-24)
		88(-1.58789e-24)
		91(-1.75861e-24)
		92(2.55528e-22)
		93(-1.75861e-24)
		96(7.60209e-24)
		97(2.55528e-22)
		99(7.60209e-24)
		102(-5.55582e-23)
		103(-1.75861e-24)
		106(-1.75861e-24)
		107(-1.58789e-24)
		110(1.59915e-25)
		111(-3.40095e-25)
		-1(-1)
		-1(-1)
		-1(-1)
		-1(-1)
		-1(-1)
		-1(-1)
		-1(-1)
		-1(-1)
		-1(-1)
		-1(-1)
		-1(-1)
		-1(-1)
		-1(-1)
		-1(-1)

Cell: 99
	Neighbours (Ek):
		82(1.59915e-25)
		83(9.86401e-25)
		84(1.59915e-25)
		87(-3.40095e-25)
		88(7.60209e-24)
		92(-1.75861e-24)
		93(2.55528e-22)
		97(9.86401e-25)
		98(7.60209e-24)
		102(1.59915e-25)
		103(2.55528e-22)
		106(-3.40095e-25)
		107(7.60209e-24)
		111(9.86401e-25)
		115(2.32752e-25)
		-1(-1)
		-1(-1)
		-1(-1)
		-1(-1)
		-1(-1)
		-1(-1)
		-1(-1)
		-1(-1)
		-1(-1)
		-1(-1)
		-1(-1)
		-1(-1)
		-1(-1)
		-1(-1)
		-1(-1)
		-1(-1)

Cell: 100
	Neighbours (Ek):
		79(2.32752e-25)
		85(9.86401e-25)
		89(7.60209e-24)
		94(2.55528e-22)
		104(2.55528e-22)
		108(7.60209e-24)
		112(9.86401e-25)
		-1(-1)
		-1(-1)
		-1(-1)
		-1(-1)
		-1(-1)
		-1(-1)
		-1(-1)
		-1(-1)
		-1(-1)
		-1(-1)
		-1(-1)
		-1(-1)
		-1(-1)
		-1(-1)
		-1(-1)
		-1(-1)
		-1(-1)
		-1(-1)
		-1(-1)
		-1(-1)
		-1(-1)
		-1(-1)
		-1(-1)
		-1(-1)

Cell: 101
	Neighbours (Ek):
		80(2.32752e-25)
		86(9.86401e-25)
		90(7.60209e-24)
		95(2.55528e-22)
		105(2.55528e-22)
		109(7.60209e-24)
		113(9.86401e-25)
		-1(-1)
		-1(-1)
		-1(-1)
		-1(-1)
		-1(-1)
		-1(-1)
		-1(-1)
		-1(-1)
		-1(-1)
		-1(-1)
		-1(-1)
		-1(-1)
		-1(-1)
		-1(-1)
		-1(-1)
		-1(-1)
		-1(-1)
		-1(-1)
		-1(-1)
		-1(-1)
		-1(-1)
		-1(-1)
		-1(-1)
		-1(-1)

Cell: 102
	Neighbours (Ek):
		81(2.32752e-25)
		87(9.86401e-25)
		91(-1.75861e-24)
		92(-1.75861e-24)
		93(-3.40095e-25)
		96(-5.55582e-23)
		97(2.55528e-22)
		98(-5.55582e-23)
		99(1.59915e-25)
		103(9.86401e-25)
		106(2.55528e-22)
		107(1.59915e-25)
		110(7.60209e-24)
		111(-3.40095e-25)
		114(9.86401e-25)
		-1(-1)
		-1(-1)
		-1(-1)
		-1(-1)
		-1(-1)
		-1(-1)
		-1(-1)
		-1(-1)
		-1(-1)
		-1(-1)
		-1(-1)
		-1(-1)
		-1(-1)
		-1(-1)
		-1(-1)
		-1(-1)

Cell: 103
	Neighbours (Ek):
		88(9.86401e-25)
		92(-1.58789e-24)
		93(7.60209e-24)
		97(1.59915e-25)
		98(-1.75861e-24)
		99(2.55528e-22)
		102(9.86401e-25)
		106(1.59915e-25)
		107(2.55528e-22)
		110(-3.40095e-25)
		111(7.60209e-24)
		115(9.86401e-25)
		119(2.32752e-25)
		-1(-1)
		-1(-1)
		-1(-1)
		-1(-1)
		-1(-1)
		-1(-1)
		-1(-1)
		-1(-1)
		-1(-1)
		-1(-1)
		-1(-1)
		-1(-1)
		-1(-1)
		-1(-1)
		-1(-1)
		-1(-1)
		-1(-1)
		-1(-1)

Cell: 104
	Neighbours (Ek):
		89(9.86401e-25)
		94(7.60209e-24)
		100(2.55528e-22)
		108(2.55528e-22)
		112(7.60209e-24)
		116(9.86401e-25)
		-1(-1)
		-1(-1)
		-1(-1)
		-1(-1)
		-1(-1)
		-1(-1)
		-1(-1)
		-1(-1)
		-1(-1)
		-1(-1)
		-1(-1)
		-1(-1)
		-1(-1)
		-1(-1)
		-1(-1)
		-1(-1)
		-1(-1)
		-1(-1)
		-1(-1)
		-1(-1)
		-1(-1)
		-1(-1)
		-1(-1)
		-1(-1)
		-1(-1)

Cell: 105
	Neighbours (Ek):
		90(9.86401e-25)
		95(7.60209e-24)
		101(2.55528e-22)
		109(2.55528e-22)
		113(7.60209e-24)
		117(9.86401e-25)
		121(2.32752e-25)
		-1(-1)
		-1(-1)
		-1(-1)
		-1(-1)
		-1(-1)
		-1(-1)
		-1(-1)
		-1(-1)
		-1(-1)
		-1(-1)
		-1(-1)
		-1(-1)
		-1(-1)
		-1(-1)
		-1(-1)
		-1(-1)
		-1(-1)
		-1(-1)
		-1(-1)
		-1(-1)
		-1(-1)
		-1(-1)
		-1(-1)
		-1(-1)

Cell: 106
	Neighbours (Ek):
		91(1.59915e-25)
		92(1.59915e-25)
		96(-1.75861e-24)
		97(7.60209e-24)
		98(-1.75861e-24)
		99(-3.40095e-25)
		102(2.55528e-22)
		103(1.59915e-25)
		107(9.86401e-25)
		110(2.55528e-22)
		111(1.59915e-25)
		114(7.60209e-24)
		115(-3.40095e-25)
		118(9.86401e-25)
		122(2.32752e-25)
		-1(-1)
		-1(-1)
		-1(-1)
		-1(-1)
		-1(-1)
		-1(-1)
		-1(-1)
		-1(-1)
		-1(-1)
		-1(-1)
		-1(-1)
		-1(-1)
		-1(-1)
		-1(-1)
		-1(-1)
		-1(-1)

Cell: 107
	Neighbours (Ek):
		0(6.03545e-25)
		88(2.32752e-25)
		92(-3.40095e-25)
		93(9.86401e-25)
		97(-3.40095e-25)
		98(-1.58789e-24)
		99(7.60209e-24)
		102(1.59915e-25)
		103(2.55528e-22)
		106(9.86401e-25)
		110(1.59915e-25)
		111(2.55528e-22)
		114(-3.40095e-25)
		115(7.60209e-24)
		119(9.86401e-25)
		123(2.32752e-25)
		-1(-1)
		-1(-1)
		-1(-1)
		-1(-1)
		-1(-1)
		-1(-1)
		-1(-1)
		-1(-1)
		-1(-1)
		-1(-1)
		-1(-1)
		-1(-1)
		-1(-1)
		-1(-1)
		-1(-1)

Cell: 108
	Neighbours (Ek):
		94(9.86401e-25)
		100(7.60209e-24)
		104(2.55528e-22)
		112(2.55528e-22)
		116(7.60209e-24)
		120(9.86401e-25)
		-1(-1)
		-1(-1)
		-1(-1)
		-1(-1)
		-1(-1)
		-1(-1)
		-1(-1)
		-1(-1)
		-1(-1)
		-1(-1)
		-1(-1)
		-1(-1)
		-1(-1)
		-1(-1)
		-1(-1)
		-1(-1)
		-1(-1)
		-1(-1)
		-1(-1)
		-1(-1)
		-1(-1)
		-1(-1)
		-1(-1)
		-1(-1)
		-1(-1)

Cell: 109
	Neighbours (Ek):
		95(9.86401e-25)
		101(7.60209e-24)
		105(2.55528e-22)
		113(2.55528e-22)
		117(7.60209e-24)
		121(9.86401e-25)
		125(2.32752e-25)
		-1(-1)
		-1(-1)
		-1(-1)
		-1(-1)
		-1(-1)
		-1(-1)
		-1(-1)
		-1(-1)
		-1(-1)
		-1(-1)
		-1(-1)
		-1(-1)
		-1(-1)
		-1(-1)
		-1(-1)
		-1(-1)
		-1(-1)
		-1(-1)
		-1(-1)
		-1(-1)
		-1(-1)
		-1(-1)
		-1(-1)
		-1(-1)

Cell: 110
	Neighbours (Ek):
		0(-2.06848e-25)
		96(1.59915e-25)
		97(9.86401e-25)
		98(1.59915e-25)
		102(7.60209e-24)
		103(-3.40095e-25)
		106(2.55528e-22)
		107(1.59915e-25)
		111(9.86401e-25)
		114(2.55528e-22)
		115(1.59915e-25)
		118(7.60209e-24)
		119(-3.40095e-25)
		122(9.86401e-25)
		126(2.32752e-25)
		-1(-1)
		-1(-1)
		-1(-1)
		-1(-1)
		-1(-1)
		-1(-1)
		-1(-1)
		-1(-1)
		-1(-1)
		-1(-1)
		-1(-1)
		-1(-1)
		-1(-1)
		-1(-1)
		-1(-1)
		-1(-1)

Cell: 111
	Neighbours (Ek):
		0(2.62066e-24)
		1(6.03545e-25)
		9(8.67232e-25)
		93(2.32752e-25)
		98(-3.40095e-25)
		99(9.86401e-25)
		102(-3.40095e-25)
		103(7.60209e-24)
		106(1.59915e-25)
		107(2.55528e-22)
		110(9.86401e-25)
		114(1.59915e-25)
		115(2.55528e-22)
		118(-3.40095e-25)
		119(7.60209e-24)
		123(9.86401e-25)
		127(2.32752e-25)
		-1(-1)
		-1(-1)
		-1(-1)
		-1(-1)
		-1(-1)
		-1(-1)
		-1(-1)
		-1(-1)
		-1(-1)
		-1(-1)
		-1(-1)
		-1(-1)
		-1(-1)
		-1(-1)

Cell: 112
	Neighbours (Ek):
		100(9.86401e-25)
		104(7.60209e-24)
		108(2.55528e-22)
		116(2.55528e-22)
		120(7.60209e-24)
		124(9.86401e-25)
		128(2.32752e-25)
		-1(-1)
		-1(-1)
		-1(-1)
		-1(-1)
		-1(-1)
		-1(-1)
		-1(-1)
		-1(-1)
		-1(-1)
		-1(-1)
		-1(-1)
		-1(-1)
		-1(-1)
		-1(-1)
		-1(-1)
		-1(-1)
		-1(-1)
		-1(-1)
		-1(-1)
		-1(-1)
		-1(-1)
		-1(-1)
		-1(-1)
		-1(-1)

Cell: 113
	Neighbours (Ek):
		101(9.86401e-25)
		105(7.60209e-24)
		109(2.55528e-22)
		117(2.55528e-22)
		121(7.60209e-24)
		125(9.86401e-25)
		-1(-1)
		-1(-1)
		-1(-1)
		-1(-1)
		-1(-1)
		-1(-1)
		-1(-1)
		-1(-1)
		-1(-1)
		-1(-1)
		-1(-1)
		-1(-1)
		-1(-1)
		-1(-1)
		-1(-1)
		-1(-1)
		-1(-1)
		-1(-1)
		-1(-1)
		-1(-1)
		-1(-1)
		-1(-1)
		-1(-1)
		-1(-1)
		-1(-1)

Cell: 114
	Neighbours (Ek):
		0(1.35035e-25)
		1(-2.06848e-25)
		9(-2.99231e-25)
		102(9.86401e-25)
		106(7.60209e-24)
		107(-3.40095e-25)
		110(2.55528e-22)
		111(1.59915e-25)
		115(9.86401e-25)
		118(2.55528e-22)
		119(1.59915e-25)
		122(7.60209e-24)
		123(-3.40095e-25)
		126(9.86401e-25)
		130(2.32752e-25)
		-1(-1)
		-1(-1)
		-1(-1)
		-1(-1)
		-1(-1)
		-1(-1)
		-1(-1)
		-1(-1)
		-1(-1)
		-1(-1)
		-1(-1)
		-1(-1)
		-1(-1)
		-1(-1)
		-1(-1)
		-1(-1)

Cell: 115
	Neighbours (Ek):
		0(7.56871e-24)
		1(2.62066e-24)
		2(6.03545e-25)
		9(5.6535e-24)
		99(2.32752e-25)
		103(9.86401e-25)
		106(-3.40095e-25)
		107(7.60209e-24)
		110(1.59915e-25)
		111(2.55528e-22)
		114(9.86401e-25)
		118(1.59915e-25)
		119(2.55528e-22)
		122(-3.40095e-25)
		123(7.60209e-24)
		127(9.86401e-25)
		-1(-1)
		-1(-1)
		-1(-1)
		-1(-1)
		-1(-1)
		-1(-1)
		-1(-1)
		-1(-1)
		-1(-1)
		-1(-1)
		-1(-1)
		-1(-1)
		-1(-1)
		-1(-1)
		-1(-1)

Cell: 116
	Neighbours (Ek):
		104(9.86401e-25)
		108(7.60209e-24)
		112(2.55528e-22)
		120(2.55528e-22)
		124(7.60209e-24)
		128(9.86401e-25)
		-1(-1)
		-1(-1)
		-1(-1)
		-1(-1)
		-1(-1)
		-1(-1)
		-1(-1)
		-1(-1)
		-1(-1)
		-1(-1)
		-1(-1)
		-1(-1)
		-1(-1)
		-1(-1)
		-1(-1)
		-1(-1)
		-1(-1)
		-1(-1)
		-1(-1)
		-1(-1)
		-1(-1)
		-1(-1)
		-1(-1)
		-1(-1)
		-1(-1)

Cell: 117
	Neighbours (Ek):
		105(9.86401e-25)
		109(7.60209e-24)
		113(2.55528e-22)
		121(2.55528e-22)
		125(7.60209e-24)
		129(9.86401e-25)
		133(2.32752e-25)
		-1(-1)
		-1(-1)
		-1(-1)
		-1(-1)
		-1(-1)
		-1(-1)
		-1(-1)
		-1(-1)
		-1(-1)
		-1(-1)
		-1(-1)
		-1(-1)
		-1(-1)
		-1(-1)
		-1(-1)
		-1(-1)
		-1(-1)
		-1(-1)
		-1(-1)
		-1(-1)
		-1(-1)
		-1(-1)
		-1(-1)
		-1(-1)

Cell: 118
	Neighbours (Ek):
		0(6.03545e-25)
		1(1.35035e-25)
		2(-2.06848e-25)
		9(1.54893e-25)
		106(9.86401e-25)
		110(7.60209e-24)
		111(-3.40095e-25)
		114(2.55528e-22)
		115(1.59915e-25)
		119(9.86401e-25)
		122(2.55528e-22)
		123(1.59915e-25)
		126(7.60209e-24)
		127(-3.40095e-25)
		130(9.86401e-25)
		135(2.32752e-25)
		-1(-1)
		-1(-1)
		-1(-1)
		-1(-1)
		-1(-1)
		-1(-1)
		-1(-1)
		-1(-1)
		-1(-1)
		-1(-1)
		-1(-1)
		-1(-1)
		-1(-1)
		-1(-1)
		-1(-1)

Cell: 119
	Neighbours (Ek):
		0(-2.53158e-23)
		1(7.56871e-24)
		2(2.62066e-24)
		3(6.03545e-25)
		9(7.32595e-23)
		103(2.32752e-25)
		107(9.86401e-25)
		110(-3.40095e-25)
		111(7.60209e-24)
		114(1.59915e-25)
		115(2.55528e-22)
		118(9.86401e-25)
		122(1.59915e-25)
		123(2.55528e-22)
		126(-3.40095e-25)
		127(7.60209e-24)
		-1(-1)
		-1(-1)
		-1(-1)
		-1(-1)
		-1(-1)
		-1(-1)
		-1(-1)
		-1(-1)
		-1(-1)
		-1(-1)
		-1(-1)
		-1(-1)
		-1(-1)
		-1(-1)
		-1(-1)

Cell: 120
	Neighbours (Ek):
		108(9.86401e-25)
		112(7.60209e-24)
		116(2.55528e-22)
		124(2.55528e-22)
		128(7.60209e-24)
		132(9.86401e-25)
		144(2.32752e-25)
		-1(-1)
		-1(-1)
		-1(-1)
		-1(-1)
		-1(-1)
		-1(-1)
		-1(-1)
		-1(-1)
		-1(-1)
		-1(-1)
		-1(-1)
		-1(-1)
		-1(-1)
		-1(-1)
		-1(-1)
		-1(-1)
		-1(-1)
		-1(-1)
		-1(-1)
		-1(-1)
		-1(-1)
		-1(-1)
		-1(-1)
		-1(-1)

Cell: 121
	Neighbours (Ek):
		105(2.32752e-25)
		109(9.86401e-25)
		113(7.60209e-24)
		117(2.55528e-22)
		125(2.55528e-22)
		129(7.60209e-24)
		133(9.86401e-25)
		146(2.32752e-25)
		-1(-1)
		-1(-1)
		-1(-1)
		-1(-1)
		-1(-1)
		-1(-1)
		-1(-1)
		-1(-1)
		-1(-1)
		-1(-1)
		-1(-1)
		-1(-1)
		-1(-1)
		-1(-1)
		-1(-1)
		-1(-1)
		-1(-1)
		-1(-1)
		-1(-1)
		-1(-1)
		-1(-1)
		-1(-1)
		-1(-1)

Cell: 122
	Neighbours (Ek):
		0(1.35035e-25)
		1(6.03545e-25)
		2(1.35035e-25)
		3(-2.06848e-25)
		9(8.67232e-25)
		106(2.32752e-25)
		110(9.86401e-25)
		114(7.60209e-24)
		115(-3.40095e-25)
		118(2.55528e-22)
		119(1.59915e-25)
		123(9.86401e-25)
		126(2.55528e-22)
		127(1.59915e-25)
		130(7.60209e-24)
		134(1.59915e-25)
		135(9.86401e-25)
		136(1.59915e-25)
		137(-3.40095e-25)
		147(2.32752e-25)
		-1(-1)
		-1(-1)
		-1(-1)
		-1(-1)
		-1(-1)
		-1(-1)
		-1(-1)
		-1(-1)
		-1(-1)
		-1(-1)
		-1(-1)

Cell: 123
	Neighbours (Ek):
		0(7.56871e-24)
		1(-2.53158e-23)
		2(7.56871e-24)
		3(2.62066e-24)
		4(6.03545e-25)
		9(-3.70417e-22)
		107(2.32752e-25)
		111(9.86401e-25)
		114(-3.40095e-25)
		115(7.60209e-24)
		118(1.59915e-25)
		119(2.55528e-22)
		122(9.86401e-25)
		126(1.59915e-25)
		127(2.55528e-22)
		130(-3.40095e-25)
		131(-3.40095e-25)
		136(-3.40095e-25)
		137(1.59915e-25)
		138(9.86401e-25)
		139(1.59915e-25)
		140(-3.40095e-25)
		-1(-1)
		-1(-1)
		-1(-1)
		-1(-1)
		-1(-1)
		-1(-1)
		-1(-1)
		-1(-1)
		-1(-1)

Cell: 124
	Neighbours (Ek):
		112(9.86401e-25)
		116(7.60209e-24)
		120(2.55528e-22)
		128(2.55528e-22)
		131(-3.40095e-25)
		132(7.60209e-24)
		142(-3.40095e-25)
		143(1.59915e-25)
		144(9.86401e-25)
		145(1.59915e-25)
		149(2.32752e-25)
		-1(-1)
		-1(-1)
		-1(-1)
		-1(-1)
		-1(-1)
		-1(-1)
		-1(-1)
		-1(-1)
		-1(-1)
		-1(-1)
		-1(-1)
		-1(-1)
		-1(-1)
		-1(-1)
		-1(-1)
		-1(-1)
		-1(-1)
		-1(-1)
		-1(-1)
		-1(-1)

Cell: 125
	Neighbours (Ek):
		109(2.32752e-25)
		113(9.86401e-25)
		117(7.60209e-24)
		121(2.55528e-22)
		129(2.55528e-22)
		133(7.60209e-24)
		146(9.86401e-25)
		150(2.32752e-25)
		-1(-1)
		-1(-1)
		-1(-1)
		-1(-1)
		-1(-1)
		-1(-1)
		-1(-1)
		-1(-1)
		-1(-1)
		-1(-1)
		-1(-1)
		-1(-1)
		-1(-1)
		-1(-1)
		-1(-1)
		-1(-1)
		-1(-1)
		-1(-1)
		-1(-1)
		-1(-1)
		-1(-1)
		-1(-1)
		-1(-1)

Cell: 126
	Neighbours (Ek):
		0(-2.06848e-25)
		1(1.35035e-25)
		2(6.03545e-25)
		3(1.35035e-25)
		4(-2.06848e-25)
		9(1.54893e-25)
		110(2.32752e-25)
		114(9.86401e-25)
		118(7.60209e-24)
		119(-3.40095e-25)
		122(2.55528e-22)
		123(1.59915e-25)
		127(9.86401e-25)
		130(2.55528e-22)
		134(-1.75861e-24)
		135(7.60209e-24)
		136(-1.75861e-24)
		137(-1.58789e-24)
		138(-3.40095e-25)
		147(9.86401e-25)
		-1(-1)
		-1(-1)
		-1(-1)
		-1(-1)
		-1(-1)
		-1(-1)
		-1(-1)
		-1(-1)
		-1(-1)
		-1(-1)
		-1(-1)

Cell: 127
	Neighbours (Ek):
		0(2.62066e-24)
		1(7.56871e-24)
		2(-2.53158e-23)
		3(7.56871e-24)
		4(2.62066e-24)
		5(6.03545e-25)
		9(7.32595e-23)
		111(2.32752e-25)
		115(9.86401e-25)
		118(-3.40095e-25)
		119(7.60209e-24)
		122(1.59915e-25)
		123(2.55528e-22)
		126(9.86401e-25)
		130(1.59915e-25)
		131(1.59915e-25)
		135(-3.40095e-25)
		136(-1.58789e-24)
		137(-1.75861e-24)
		138(7.60209e-24)
		139(-1.75861e-24)
		140(-1.58789e-24)
		141(-3.40095e-25)
		-1(-1)
		-1(-1)
		-1(-1)
		-1(-1)
		-1(-1)
		-1(-1)
		-1(-1)
		-1(-1)

Cell: 128
	Neighbours (Ek):
		112(2.32752e-25)
		116(9.86401e-25)
		120(7.60209e-24)
		124(2.55528e-22)
		131(1.59915e-25)
		132(2.55528e-22)
		141(-3.40095e-25)
		142(-1.58789e-24)
		143(-1.75861e-24)
		144(7.60209e-24)
		145(-1.75861e-24)
		149(9.86401e-25)
		-1(-1)
		-1(-1)
		-1(-1)
		-1(-1)
		-1(-1)
		-1(-1)
		-1(-1)
		-1(-1)
		-1(-1)
		-1(-1)
		-1(-1)
		-1(-1)
		-1(-1)
		-1(-1)
		-1(-1)
		-1(-1)
		-1(-1)
		-1(-1)
		-1(-1)

Cell: 129
	Neighbours (Ek):
		117(9.86401e-25)
		121(7.60209e-24)
		125(2.55528e-22)
		133(2.55528e-22)
		146(7.60209e-24)
		150(9.86401e-25)
		-1(-1)
		-1(-1)
		-1(-1)
		-1(-1)
		-1(-1)
		-1(-1)
		-1(-1)
		-1(-1)
		-1(-1)
		-1(-1)
		-1(-1)
		-1(-1)
		-1(-1)
		-1(-1)
		-1(-1)
		-1(-1)
		-1(-1)
		-1(-1)
		-1(-1)
		-1(-1)
		-1(-1)
		-1(-1)
		-1(-1)
		-1(-1)
		-1(-1)

Cell: 130
	Neighbours (Ek):
		1(-2.06848e-25)
		2(1.35035e-25)
		3(6.03545e-25)
		4(1.35035e-25)
		5(-2.06848e-25)
		9(-2.99231e-25)
		114(2.32752e-25)
		118(9.86401e-25)
		122(7.60209e-24)
		123(-3.40095e-25)
		126(2.55528e-22)
		127(1.59915e-25)
		134(-5.55582e-23)
		135(2.55528e-22)
		136(-5.55582e-23)
		137(-1.75861e-24)
		138(1.59915e-25)
		147(7.60209e-24)
		-1(-1)
		-1(-1)
		-1(-1)
		-1(-1)
		-1(-1)
		-1(-1)
		-1(-1)
		-1(-1)
		-1(-1)
		-1(-1)
		-1(-1)
		-1(-1)
		-1(-1)

Cell: 131
	Neighbours (Ek):
		1(-2.06848e-25)
		2(1.35035e-25)
		3(6.03545e-25)
		4(1.35035e-25)
		5(-2.06848e-25)
		9(-2.99231e-25)
		123(-3.40095e-25)
		124(-3.40095e-25)
		127(1.59915e-25)
		128(1.59915e-25)
		132(9.86401e-25)
		138(1.59915e-25)
		139(-1.75861e-24)
		140(-5.55582e-23)
		141(2.55528e-22)
		142(-5.55582e-23)
		143(-1.75861e-24)
		144(1.59915e-25)
		148(7.60209e-24)
		149(-3.40095e-25)
		153(9.86401e-25)
		-1(-1)
		-1(-1)
		-1(-1)
		-1(-1)
		-1(-1)
		-1(-1)
		-1(-1)
		-1(-1)
		-1(-1)
		-1(-1)

Cell: 132
	Neighbours (Ek):
		120(9.86401e-25)
		124(7.60209e-24)
		128(2.55528e-22)
		131(9.86401e-25)
		141(1.59915e-25)
		142(-1.75861e-24)
		143(-5.55582e-23)
		144(2.55528e-22)
		145(-5.55582e-23)
		148(-3.40095e-25)
		149(7.60209e-24)
		-1(-1)
		-1(-1)
		-1(-1)
		-1(-1)
		-1(-1)
		-1(-1)
		-1(-1)
		-1(-1)
		-1(-1)
		-1(-1)
		-1(-1)
		-1(-1)
		-1(-1)
		-1(-1)
		-1(-1)
		-1(-1)
		-1(-1)
		-1(-1)
		-1(-1)
		-1(-1)

Cell: 133
	Neighbours (Ek):
		117(2.32752e-25)
		121(9.86401e-25)
		125(7.60209e-24)
		129(2.55528e-22)
		146(2.55528e-22)
		150(7.60209e-24)
		151(-3.40095e-25)
		154(1.59915e-25)
		155(9.86401e-25)
		156(1.59915e-25)
		157(-3.40095e-25)
		-1(-1)
		-1(-1)
		-1(-1)
		-1(-1)
		-1(-1)
		-1(-1)
		-1(-1)
		-1(-1)
		-1(-1)
		-1(-1)
		-1(-1)
		-1(-1)
		-1(-1)
		-1(-1)
		-1(-1)
		-1(-1)
		-1(-1)
		-1(-1)
		-1(-1)
		-1(-1)

Cell: 134
	Neighbours (Ek):
		122(1.59915e-25)
		126(-1.75861e-24)
		130(-5.55582e-23)
		135(2.55528e-22)
		136(7.60209e-24)
		137(9.86401e-25)
		138(2.32752e-25)
		147(-5.55582e-23)
		151(-1.58789e-24)
		158(-3.40095e-25)
		159(1.59915e-25)
		160(9.86401e-25)
		161(1.59915e-25)
		162(-3.40095e-25)
		-1(-1)
		-1(-1)
		-1(-1)
		-1(-1)
		-1(-1)
		-1(-1)
		-1(-1)
		-1(-1)
		-1(-1)
		-1(-1)
		-1(-1)
		-1(-1)
		-1(-1)
		-1(-1)
		-1(-1)
		-1(-1)
		-1(-1)

Cell: 135
	Neighbours (Ek):
		2(-2.06848e-25)
		3(1.35035e-25)
		4(6.03545e-25)
		5(1.35035e-25)
		6(-2.06848e-25)
		118(2.32752e-25)
		122(9.86401e-25)
		126(7.60209e-24)
		127(-3.40095e-25)
		130(2.55528e-22)
		134(2.55528e-22)
		136(2.55528e-22)
		137(7.60209e-24)
		138(9.86401e-25)
		147(2.55528e-22)
		151(-3.40095e-25)
		152(-3.40095e-25)
		159(-3.40095e-25)
		160(1.59915e-25)
		161(9.86401e-25)
		162(1.59915e-25)
		163(-3.40095e-25)
		-1(-1)
		-1(-1)
		-1(-1)
		-1(-1)
		-1(-1)
		-1(-1)
		-1(-1)
		-1(-1)
		-1(-1)

Cell: 136
	Neighbours (Ek):
		1(-2.06848e-25)
		2(-7.39714e-25)
		3(-3.38946e-25)
		4(2.62066e-24)
		5(-3.38946e-25)
		6(-7.39714e-25)
		7(-2.06848e-25)
		9(-2.99231e-25)
		10(-2.99231e-25)
		122(1.59915e-25)
		123(-3.40095e-25)
		126(-1.75861e-24)
		127(-1.58789e-24)
		130(-5.55582e-23)
		134(7.60209e-24)
		135(2.55528e-22)
		137(2.55528e-22)
		138(7.60209e-24)
		139(9.86401e-25)
		147(-5.55582e-23)
		152(-1.58789e-24)
		160(-3.40095e-25)
		161(1.59915e-25)
		162(9.86401e-25)
		163(1.59915e-25)
		164(-3.40095e-25)
		-1(-1)
		-1(-1)
		-1(-1)
		-1(-1)
		-1(-1)

Cell: 137
	Neighbours (Ek):
		1(1.35035e-25)
		2(-3.38946e-25)
		3(-3.26618e-24)
		4(7.56871e-24)
		5(-3.26618e-24)
		6(-3.38946e-25)
		7(1.35035e-25)
		9(1.54893e-25)
		10(1.54893e-25)
		122(-3.40095e-25)
		123(1.59915e-25)
		126(-1.58789e-24)
		127(-1.75861e-24)
		130(-1.75861e-24)
		134(9.86401e-25)
		135(7.60209e-24)
		136(2.55528e-22)
		138(2.55528e-22)
		139(7.60209e-24)
		140(9.86401e-25)
		147(-1.75861e-24)
		152(-1.75861e-24)
		161(-3.40095e-25)
		162(1.59915e-25)
		163(9.86401e-25)
		164(1.59915e-25)
		165(-3.40095e-25)
		-1(-1)
		-1(-1)
		-1(-1)
		-1(-1)

Cell: 138
	Neighbours (Ek):
		1(6.03545e-25)
		2(2.62066e-24)
		3(7.56871e-24)
		4(-2.53158e-23)
		5(7.56871e-24)
		6(2.62066e-24)
		7(6.03545e-25)
		9(8.67232e-25)
		10(8.67232e-25)
		123(9.86401e-25)
		126(-3.40095e-25)
		127(7.60209e-24)
		130(1.59915e-25)
		131(1.59915e-25)
		134(2.32752e-25)
		135(9.86401e-25)
		136(7.60209e-24)
		137(2.55528e-22)
		139(2.55528e-22)
		140(7.60209e-24)
		141(9.86401e-25)
		142(2.32752e-25)
		147(1.59915e-25)
		148(1.59915e-25)
		152(7.60209e-24)
		153(-3.40095e-25)
		162(-3.40095e-25)
		163(1.59915e-25)
		164(9.86401e-25)
		165(1.59915e-25)
		169(2.32752e-25)

Cell: 139
	Neighbours (Ek):
		1(1.35035e-25)
		2(-3.38946e-25)
		3(-3.26618e-24)
		4(7.56871e-24)
		5(-3.26618e-24)
		6(-3.38946e-25)
		7(1.35035e-25)
		9(1.54893e-25)
		10(1.54893e-25)
		123(1.59915e-25)
		127(-1.75861e-24)
		131(-1.75861e-24)
		136(9.86401e-25)
		137(7.60209e-24)
		138(2.55528e-22)
		140(2.55528e-22)
		141(7.60209e-24)
		142(9.86401e-25)
		148(-1.75861e-24)
		152(-1.75861e-24)
		153(-1.58789e-24)
		163(-3.40095e-25)
		164(1.59915e-25)
		165(9.86401e-25)
		166(-3.40095e-25)
		-1(-1)
		-1(-1)
		-1(-1)
		-1(-1)
		-1(-1)
		-1(-1)

Cell: 140
	Neighbours (Ek):
		1(-2.06848e-25)
		2(-7.39714e-25)
		3(-3.38946e-25)
		4(2.62066e-24)
		5(-3.38946e-25)
		6(-7.39714e-25)
		7(-2.06848e-25)
		9(-2.99231e-25)
		10(-2.99231e-25)
		123(-3.40095e-25)
		127(-1.58789e-24)
		131(-5.55582e-23)
		137(9.86401e-25)
		138(7.60209e-24)
		139(2.55528e-22)
		141(2.55528e-22)
		142(7.60209e-24)
		143(9.86401e-25)
		144(2.32752e-25)
		148(-5.55582e-23)
		152(-1.58789e-24)
		153(-1.75861e-24)
		164(-3.40095e-25)
		165(1.59915e-25)
		166(1.59915e-25)
		-1(-1)
		-1(-1)
		-1(-1)
		-1(-1)
		-1(-1)
		-1(-1)

Cell: 141
	Neighbours (Ek):
		2(-2.06848e-25)
		3(1.35035e-25)
		4(6.03545e-25)
		5(1.35035e-25)
		6(-2.06848e-25)
		127(-3.40095e-25)
		128(-3.40095e-25)
		131(2.55528e-22)
		132(1.59915e-25)
		138(9.86401e-25)
		139(7.60209e-24)
		140(2.55528e-22)
		142(2.55528e-22)
		143(7.60209e-24)
		144(9.86401e-25)
		148(2.55528e-22)
		149(1.59915e-25)
		152(-3.40095e-25)
		153(7.60209e-24)
		165(-3.40095e-25)
		166(9.86401e-25)
		170(2.32752e-25)
		-1(-1)
		-1(-1)
		-1(-1)
		-1(-1)
		-1(-1)
		-1(-1)
		-1(-1)
		-1(-1)
		-1(-1)

Cell: 142
	Neighbours (Ek):
		124(-3.40095e-25)
		128(-1.58789e-24)
		131(-5.55582e-23)
		132(-1.75861e-24)
		138(2.32752e-25)
		139(9.86401e-25)
		140(7.60209e-24)
		141(2.55528e-22)
		143(2.55528e-22)
		144(7.60209e-24)
		145(9.86401e-25)
		148(-5.55582e-23)
		149(-1.75861e-24)
		153(-1.75861e-24)
		166(1.59915e-25)
		-1(-1)
		-1(-1)
		-1(-1)
		-1(-1)
		-1(-1)
		-1(-1)
		-1(-1)
		-1(-1)
		-1(-1)
		-1(-1)
		-1(-1)
		-1(-1)
		-1(-1)
		-1(-1)
		-1(-1)
		-1(-1)

Cell: 143
	Neighbours (Ek):
		124(1.59915e-25)
		128(-1.75861e-24)
		131(-1.75861e-24)
		132(-5.55582e-23)
		140(9.86401e-25)
		141(7.60209e-24)
		142(2.55528e-22)
		144(2.55528e-22)
		145(7.60209e-24)
		148(-1.75861e-24)
		149(-5.55582e-23)
		153(-1.58789e-24)
		166(-3.40095e-25)
		-1(-1)
		-1(-1)
		-1(-1)
		-1(-1)
		-1(-1)
		-1(-1)
		-1(-1)
		-1(-1)
		-1(-1)
		-1(-1)
		-1(-1)
		-1(-1)
		-1(-1)
		-1(-1)
		-1(-1)
		-1(-1)
		-1(-1)
		-1(-1)

Cell: 144
	Neighbours (Ek):
		120(2.32752e-25)
		124(9.86401e-25)
		128(7.60209e-24)
		131(1.59915e-25)
		132(2.55528e-22)
		140(2.32752e-25)
		141(9.86401e-25)
		142(7.60209e-24)
		143(2.55528e-22)
		145(2.55528e-22)
		148(1.59915e-25)
		149(2.55528e-22)
		153(-3.40095e-25)
		-1(-1)
		-1(-1)
		-1(-1)
		-1(-1)
		-1(-1)
		-1(-1)
		-1(-1)
		-1(-1)
		-1(-1)
		-1(-1)
		-1(-1)
		-1(-1)
		-1(-1)
		-1(-1)
		-1(-1)
		-1(-1)
		-1(-1)
		-1(-1)

Cell: 145
	Neighbours (Ek):
		124(1.59915e-25)
		128(-1.75861e-24)
		132(-5.55582e-23)
		142(9.86401e-25)
		143(7.60209e-24)
		144(2.55528e-22)
		149(-5.55582e-23)
		-1(-1)
		-1(-1)
		-1(-1)
		-1(-1)
		-1(-1)
		-1(-1)
		-1(-1)
		-1(-1)
		-1(-1)
		-1(-1)
		-1(-1)
		-1(-1)
		-1(-1)
		-1(-1)
		-1(-1)
		-1(-1)
		-1(-1)
		-1(-1)
		-1(-1)
		-1(-1)
		-1(-1)
		-1(-1)
		-1(-1)
		-1(-1)

Cell: 146
	Neighbours (Ek):
		121(2.32752e-25)
		125(9.86401e-25)
		129(7.60209e-24)
		133(2.55528e-22)
		150(2.55528e-22)
		151(1.59915e-25)
		154(-1.75861e-24)
		155(7.60209e-24)
		156(-1.75861e-24)
		157(-1.58789e-24)
		158(-3.40095e-25)
		167(9.86401e-25)
		-1(-1)
		-1(-1)
		-1(-1)
		-1(-1)
		-1(-1)
		-1(-1)
		-1(-1)
		-1(-1)
		-1(-1)
		-1(-1)
		-1(-1)
		-1(-1)
		-1(-1)
		-1(-1)
		-1(-1)
		-1(-1)
		-1(-1)
		-1(-1)
		-1(-1)

Cell: 147
	Neighbours (Ek):
		3(-2.06848e-25)
		4(1.35035e-25)
		5(6.03545e-25)
		6(1.35035e-25)
		7(-2.06848e-25)
		10(-2.99231e-25)
		122(2.32752e-25)
		126(9.86401e-25)
		130(7.60209e-24)
		134(-5.55582e-23)
		135(2.55528e-22)
		136(-5.55582e-23)
		137(-1.75861e-24)
		138(1.59915e-25)
		151(1.59915e-25)
		152(1.59915e-25)
		158(-3.40095e-25)
		159(-1.58789e-24)
		160(-1.75861e-24)
		161(7.60209e-24)
		162(-1.75861e-24)
		163(-1.58789e-24)
		164(-3.40095e-25)
		-1(-1)
		-1(-1)
		-1(-1)
		-1(-1)
		-1(-1)
		-1(-1)
		-1(-1)
		-1(-1)

Cell: 148
	Neighbours (Ek):
		3(-2.06848e-25)
		4(1.35035e-25)
		5(6.03545e-25)
		6(1.35035e-25)
		7(-2.06848e-25)
		10(-2.99231e-25)
		131(7.60209e-24)
		132(-3.40095e-25)
		138(1.59915e-25)
		139(-1.75861e-24)
		140(-5.55582e-23)
		141(2.55528e-22)
		142(-5.55582e-23)
		143(-1.75861e-24)
		144(1.59915e-25)
		149(9.86401e-25)
		152(1.59915e-25)
		153(2.55528e-22)
		164(-3.40095e-25)
		165(-1.58789e-24)
		166(7.60209e-24)
		170(9.86401e-25)
		172(2.32752e-25)
		-1(-1)
		-1(-1)
		-1(-1)
		-1(-1)
		-1(-1)
		-1(-1)
		-1(-1)
		-1(-1)

Cell: 149
	Neighbours (Ek):
		124(2.32752e-25)
		128(9.86401e-25)
		131(-3.40095e-25)
		132(7.60209e-24)
		141(1.59915e-25)
		142(-1.75861e-24)
		143(-5.55582e-23)
		144(2.55528e-22)
		145(-5.55582e-23)
		148(9.86401e-25)
		153(1.59915e-25)
		166(-3.40095e-25)
		-1(-1)
		-1(-1)
		-1(-1)
		-1(-1)
		-1(-1)
		-1(-1)
		-1(-1)
		-1(-1)
		-1(-1)
		-1(-1)
		-1(-1)
		-1(-1)
		-1(-1)
		-1(-1)
		-1(-1)
		-1(-1)
		-1(-1)
		-1(-1)
		-1(-1)

Cell: 150
	Neighbours (Ek):
		125(2.32752e-25)
		129(9.86401e-25)
		133(7.60209e-24)
		146(2.55528e-22)
		151(9.86401e-25)
		154(-5.55582e-23)
		155(2.55528e-22)
		156(-5.55582e-23)
		157(-1.75861e-24)
		158(1.59915e-25)
		167(7.60209e-24)
		168(-3.40095e-25)
		-1(-1)
		-1(-1)
		-1(-1)
		-1(-1)
		-1(-1)
		-1(-1)
		-1(-1)
		-1(-1)
		-1(-1)
		-1(-1)
		-1(-1)
		-1(-1)
		-1(-1)
		-1(-1)
		-1(-1)
		-1(-1)
		-1(-1)
		-1(-1)
		-1(-1)

Cell: 151
	Neighbours (Ek):
		133(-3.40095e-25)
		134(-1.58789e-24)
		135(-3.40095e-25)
		146(1.59915e-25)
		147(1.59915e-25)
		150(9.86401e-25)
		155(1.59915e-25)
		156(-1.75861e-24)
		157(-5.55582e-23)
		158(2.55528e-22)
		159(-5.55582e-23)
		160(-1.75861e-24)
		161(1.59915e-25)
		167(-3.40095e-25)
		168(7.60209e-24)
		171(9.86401e-25)
		173(2.32752e-25)
		-1(-1)
		-1(-1)
		-1(-1)
		-1(-1)
		-1(-1)
		-1(-1)
		-1(-1)
		-1(-1)
		-1(-1)
		-1(-1)
		-1(-1)
		-1(-1)
		-1(-1)
		-1(-1)

Cell: 152
	Neighbours (Ek):
		3(6.03545e-25)
		4(2.62066e-24)
		5(7.56871e-24)
		6(-2.53158e-23)
		7(7.56871e-24)
		8(2.62066e-24)
		10(7.32595e-23)
		135(-3.40095e-25)
		136(-1.58789e-24)
		137(-1.75861e-24)
		138(7.60209e-24)
		139(-1.75861e-24)
		140(-1.58789e-24)
		141(-3.40095e-25)
		147(1.59915e-25)
		148(1.59915e-25)
		153(9.86401e-25)
		161(1.59915e-25)
		162(-1.75861e-24)
		163(-5.55582e-23)
		164(2.55528e-22)
		165(-5.55582e-23)
		166(1.59915e-25)
		169(7.60209e-24)
		170(-3.40095e-25)
		-1(-1)
		-1(-1)
		-1(-1)
		-1(-1)
		-1(-1)
		-1(-1)

Cell: 153
	Neighbours (Ek):
		4(-2.06848e-25)
		5(1.35035e-25)
		6(6.03545e-25)
		7(1.35035e-25)
		8(-2.06848e-25)
		10(1.54893e-25)
		131(9.86401e-25)
		138(-3.40095e-25)
		139(-1.58789e-24)
		140(-1.75861e-24)
		141(7.60209e-24)
		142(-1.75861e-24)
		143(-1.58789e-24)
		144(-3.40095e-25)
		148(2.55528e-22)
		149(1.59915e-25)
		152(9.86401e-25)
		164(1.59915e-25)
		165(-1.75861e-24)
		166(2.55528e-22)
		169(-3.40095e-25)
		170(7.60209e-24)
		172(9.86401e-25)
		174(2.32752e-25)
		-1(-1)
		-1(-1)
		-1(-1)
		-1(-1)
		-1(-1)
		-1(-1)
		-1(-1)

Cell: 154
	Neighbours (Ek):
		133(1.59915e-25)
		146(-1.75861e-24)
		150(-5.55582e-23)
		155(2.55528e-22)
		156(7.60209e-24)
		157(9.86401e-25)
		158(2.32752e-25)
		167(-5.55582e-23)
		-1(-1)
		-1(-1)
		-1(-1)
		-1(-1)
		-1(-1)
		-1(-1)
		-1(-1)
		-1(-1)
		-1(-1)
		-1(-1)
		-1(-1)
		-1(-1)
		-1(-1)
		-1(-1)
		-1(-1)
		-1(-1)
		-1(-1)
		-1(-1)
		-1(-1)
		-1(-1)
		-1(-1)
		-1(-1)
		-1(-1)

Cell: 155
	Neighbours (Ek):
		133(9.86401e-25)
		146(7.60209e-24)
		150(2.55528e-22)
		151(1.59915e-25)
		154(2.55528e-22)
		156(2.55528e-22)
		157(7.60209e-24)
		158(9.86401e-25)
		167(2.55528e-22)
		168(1.59915e-25)
		171(-3.40095e-25)
		-1(-1)
		-1(-1)
		-1(-1)
		-1(-1)
		-1(-1)
		-1(-1)
		-1(-1)
		-1(-1)
		-1(-1)
		-1(-1)
		-1(-1)
		-1(-1)
		-1(-1)
		-1(-1)
		-1(-1)
		-1(-1)
		-1(-1)
		-1(-1)
		-1(-1)
		-1(-1)

Cell: 156
	Neighbours (Ek):
		133(1.59915e-25)
		146(-1.75861e-24)
		150(-5.55582e-23)
		151(-1.75861e-24)
		154(7.60209e-24)
		155(2.55528e-22)
		157(2.55528e-22)
		158(7.60209e-24)
		159(9.86401e-25)
		160(2.32752e-25)
		167(-5.55582e-23)
		168(-1.75861e-24)
		171(-1.58789e-24)
		173(-3.40095e-25)
		-1(-1)
		-1(-1)
		-1(-1)
		-1(-1)
		-1(-1)
		-1(-1)
		-1(-1)
		-1(-1)
		-1(-1)
		-1(-1)
		-1(-1)
		-1(-1)
		-1(-1)
		-1(-1)
		-1(-1)
		-1(-1)
		-1(-1)

Cell: 157
	Neighbours (Ek):
		133(-3.40095e-25)
		146(-1.58789e-24)
		150(-1.75861e-24)
		151(-5.55582e-23)
		154(9.86401e-25)
		155(7.60209e-24)
		156(2.55528e-22)
		158(2.55528e-22)
		159(7.60209e-24)
		160(9.86401e-25)
		161(2.32752e-25)
		167(-1.75861e-24)
		168(-5.55582e-23)
		171(-1.75861e-24)
		173(1.59915e-25)
		-1(-1)
		-1(-1)
		-1(-1)
		-1(-1)
		-1(-1)
		-1(-1)
		-1(-1)
		-1(-1)
		-1(-1)
		-1(-1)
		-1(-1)
		-1(-1)
		-1(-1)
		-1(-1)
		-1(-1)
		-1(-1)

Cell: 158
	Neighbours (Ek):
		134(-3.40095e-25)
		146(-3.40095e-25)
		147(-3.40095e-25)
		150(1.59915e-25)
		151(2.55528e-22)
		154(2.32752e-25)
		155(9.86401e-25)
		156(7.60209e-24)
		157(2.55528e-22)
		159(2.55528e-22)
		160(7.60209e-24)
		161(9.86401e-25)
		167(1.59915e-25)
		168(2.55528e-22)
		171(7.60209e-24)
		173(9.86401e-25)
		175(2.32752e-25)
		-1(-1)
		-1(-1)
		-1(-1)
		-1(-1)
		-1(-1)
		-1(-1)
		-1(-1)
		-1(-1)
		-1(-1)
		-1(-1)
		-1(-1)
		-1(-1)
		-1(-1)
		-1(-1)

Cell: 159
	Neighbours (Ek):
		134(1.59915e-25)
		135(-3.40095e-25)
		147(-1.58789e-24)
		151(-5.55582e-23)
		156(9.86401e-25)
		157(7.60209e-24)
		158(2.55528e-22)
		160(2.55528e-22)
		161(7.60209e-24)
		162(9.86401e-25)
		163(2.32752e-25)
		168(-5.55582e-23)
		171(-1.75861e-24)
		173(1.59915e-25)
		-1(-1)
		-1(-1)
		-1(-1)
		-1(-1)
		-1(-1)
		-1(-1)
		-1(-1)
		-1(-1)
		-1(-1)
		-1(-1)
		-1(-1)
		-1(-1)
		-1(-1)
		-1(-1)
		-1(-1)
		-1(-1)
		-1(-1)

Cell: 160
	Neighbours (Ek):
		134(9.86401e-25)
		135(1.59915e-25)
		136(-3.40095e-25)
		147(-1.75861e-24)
		151(-1.75861e-24)
		156(2.32752e-25)
		157(9.86401e-25)
		158(7.60209e-24)
		159(2.55528e-22)
		161(2.55528e-22)
		162(7.60209e-24)
		163(9.86401e-25)
		164(2.32752e-25)
		168(-1.75861e-24)
		171(-1.58789e-24)
		173(-3.40095e-25)
		-1(-1)
		-1(-1)
		-1(-1)
		-1(-1)
		-1(-1)
		-1(-1)
		-1(-1)
		-1(-1)
		-1(-1)
		-1(-1)
		-1(-1)
		-1(-1)
		-1(-1)
		-1(-1)
		-1(-1)

Cell: 161
	Neighbours (Ek):
		5(-2.06848e-25)
		6(1.35035e-25)
		7(6.03545e-25)
		8(1.35035e-25)
		10(8.67232e-25)
		134(1.59915e-25)
		135(9.86401e-25)
		136(1.59915e-25)
		137(-3.40095e-25)
		147(7.60209e-24)
		151(1.59915e-25)
		152(1.59915e-25)
		157(2.32752e-25)
		158(9.86401e-25)
		159(7.60209e-24)
		160(2.55528e-22)
		162(2.55528e-22)
		163(7.60209e-24)
		164(9.86401e-25)
		168(1.59915e-25)
		169(1.59915e-25)
		171(-3.40095e-25)
		-1(-1)
		-1(-1)
		-1(-1)
		-1(-1)
		-1(-1)
		-1(-1)
		-1(-1)
		-1(-1)
		-1(-1)

Cell: 162
	Neighbours (Ek):
		4(-2.06848e-25)
		5(-7.39714e-25)
		6(-3.38946e-25)
		7(2.62066e-24)
		8(-3.38946e-25)
		10(5.6535e-24)
		134(-3.40095e-25)
		135(1.59915e-25)
		136(9.86401e-25)
		137(1.59915e-25)
		138(-3.40095e-25)
		147(-1.75861e-24)
		152(-1.75861e-24)
		159(9.86401e-25)
		160(7.60209e-24)
		161(2.55528e-22)
		163(2.55528e-22)
		164(7.60209e-24)
		165(9.86401e-25)
		169(-1.75861e-24)
		-1(-1)
		-1(-1)
		-1(-1)
		-1(-1)
		-1(-1)
		-1(-1)
		-1(-1)
		-1(-1)
		-1(-1)
		-1(-1)
		-1(-1)

Cell: 163
	Neighbours (Ek):
		4(1.35035e-25)
		5(-3.38946e-25)
		6(-3.26618e-24)
		7(7.56871e-24)
		8(-3.26618e-24)
		10(7.32595e-23)
		135(-3.40095e-25)
		136(1.59915e-25)
		137(9.86401e-25)
		138(1.59915e-25)
		139(-3.40095e-25)
		147(-1.58789e-24)
		152(-5.55582e-23)
		159(2.32752e-25)
		160(9.86401e-25)
		161(7.60209e-24)
		162(2.55528e-22)
		164(2.55528e-22)
		165(7.60209e-24)
		169(-5.55582e-23)
		-1(-1)
		-1(-1)
		-1(-1)
		-1(-1)
		-1(-1)
		-1(-1)
		-1(-1)
		-1(-1)
		-1(-1)
		-1(-1)
		-1(-1)

Cell: 164
	Neighbours (Ek):
		4(6.03545e-25)
		5(2.62066e-24)
		6(7.56871e-24)
		7(-2.53158e-23)
		8(7.56871e-24)
		10(-3.70417e-22)
		136(-3.40095e-25)
		137(1.59915e-25)
		138(9.86401e-25)
		139(1.59915e-25)
		140(-3.40095e-25)
		147(-3.40095e-25)
		148(-3.40095e-25)
		152(2.55528e-22)
		153(1.59915e-25)
		160(2.32752e-25)
		161(9.86401e-25)
		162(7.60209e-24)
		163(2.55528e-22)
		165(2.55528e-22)
		166(9.86401e-25)
		169(2.55528e-22)
		170(1.59915e-25)
		172(-3.40095e-25)
		-1(-1)
		-1(-1)
		-1(-1)
		-1(-1)
		-1(-1)
		-1(-1)
		-1(-1)

Cell: 165
	Neighbours (Ek):
		4(1.35035e-25)
		5(-3.38946e-25)
		6(-3.26618e-24)
		7(7.56871e-24)
		8(-3.26618e-24)
		10(7.32595e-23)
		137(-3.40095e-25)
		138(1.59915e-25)
		139(9.86401e-25)
		140(1.59915e-25)
		141(-3.40095e-25)
		148(-1.58789e-24)
		152(-5.55582e-23)
		153(-1.75861e-24)
		162(9.86401e-25)
		163(7.60209e-24)
		164(2.55528e-22)
		166(7.60209e-24)
		169(-5.55582e-23)
		170(-1.75861e-24)
		172(-1.58789e-24)
		174(-3.40095e-25)
		-1(-1)
		-1(-1)
		-1(-1)
		-1(-1)
		-1(-1)
		-1(-1)
		-1(-1)
		-1(-1)
		-1(-1)

Cell: 166
	Neighbours (Ek):
		5(-2.06848e-25)
		6(1.35035e-25)
		7(6.03545e-25)
		8(1.35035e-25)
		10(8.67232e-25)
		139(-3.40095e-25)
		140(1.59915e-25)
		141(9.86401e-25)
		142(1.59915e-25)
		143(-3.40095e-25)
		148(7.60209e-24)
		149(-3.40095e-25)
		152(1.59915e-25)
		153(2.55528e-22)
		164(9.86401e-25)
		165(7.60209e-24)
		169(1.59915e-25)
		170(2.55528e-22)
		172(7.60209e-24)
		174(9.86401e-25)
		176(2.32752e-25)
		-1(-1)
		-1(-1)
		-1(-1)
		-1(-1)
		-1(-1)
		-1(-1)
		-1(-1)
		-1(-1)
		-1(-1)
		-1(-1)

Cell: 167
	Neighbours (Ek):
		146(9.86401e-25)
		150(7.60209e-24)
		151(-3.40095e-25)
		154(-5.55582e-23)
		155(2.55528e-22)
		156(-5.55582e-23)
		157(-1.75861e-24)
		158(1.59915e-25)
		168(9.86401e-25)
		171(1.59915e-25)
		173(-3.40095e-25)
		-1(-1)
		-1(-1)
		-1(-1)
		-1(-1)
		-1(-1)
		-1(-1)
		-1(-1)
		-1(-1)
		-1(-1)
		-1(-1)
		-1(-1)
		-1(-1)
		-1(-1)
		-1(-1)
		-1(-1)
		-1(-1)
		-1(-1)
		-1(-1)
		-1(-1)
		-1(-1)

Cell: 168
	Neighbours (Ek):
		150(-3.40095e-25)
		151(7.60209e-24)
		155(1.59915e-25)
		156(-1.75861e-24)
		157(-5.55582e-23)
		158(2.55528e-22)
		159(-5.55582e-23)
		160(-1.75861e-24)
		161(1.59915e-25)
		167(9.86401e-25)
		171(2.55528e-22)
		173(7.60209e-24)
		175(9.86401e-25)
		-1(-1)
		-1(-1)
		-1(-1)
		-1(-1)
		-1(-1)
		-1(-1)
		-1(-1)
		-1(-1)
		-1(-1)
		-1(-1)
		-1(-1)
		-1(-1)
		-1(-1)
		-1(-1)
		-1(-1)
		-1(-1)
		-1(-1)
		-1(-1)

Cell: 169
	Neighbours (Ek):
		5(6.03545e-25)
		6(2.62066e-24)
		7(7.56871e-24)
		8(-2.53158e-23)
		10(7.32595e-23)
		138(2.32752e-25)
		152(7.60209e-24)
		153(-3.40095e-25)
		161(1.59915e-25)
		162(-1.75861e-24)
		163(-5.55582e-23)
		164(2.55528e-22)
		165(-5.55582e-23)
		166(1.59915e-25)
		170(9.86401e-25)
		172(1.59915e-25)
		174(-3.40095e-25)
		-1(-1)
		-1(-1)
		-1(-1)
		-1(-1)
		-1(-1)
		-1(-1)
		-1(-1)
		-1(-1)
		-1(-1)
		-1(-1)
		-1(-1)
		-1(-1)
		-1(-1)
		-1(-1)

Cell: 170
	Neighbours (Ek):
		6(-2.06848e-25)
		7(1.35035e-25)
		8(6.03545e-25)
		10(1.54893e-25)
		141(2.32752e-25)
		148(9.86401e-25)
		152(-3.40095e-25)
		153(7.60209e-24)
		164(1.59915e-25)
		165(-1.75861e-24)
		166(2.55528e-22)
		169(9.86401e-25)
		172(2.55528e-22)
		174(7.60209e-24)
		176(9.86401e-25)
		-1(-1)
		-1(-1)
		-1(-1)
		-1(-1)
		-1(-1)
		-1(-1)
		-1(-1)
		-1(-1)
		-1(-1)
		-1(-1)
		-1(-1)
		-1(-1)
		-1(-1)
		-1(-1)
		-1(-1)
		-1(-1)

Cell: 171
	Neighbours (Ek):
		151(9.86401e-25)
		155(-3.40095e-25)
		156(-1.58789e-24)
		157(-1.75861e-24)
		158(7.60209e-24)
		159(-1.75861e-24)
		160(-1.58789e-24)
		161(-3.40095e-25)
		167(1.59915e-25)
		168(2.55528e-22)
		173(2.55528e-22)
		175(7.60209e-24)
		177(9.86401e-25)
		-1(-1)
		-1(-1)
		-1(-1)
		-1(-1)
		-1(-1)
		-1(-1)
		-1(-1)
		-1(-1)
		-1(-1)
		-1(-1)
		-1(-1)
		-1(-1)
		-1(-1)
		-1(-1)
		-1(-1)
		-1(-1)
		-1(-1)
		-1(-1)

Cell: 172
	Neighbours (Ek):
		7(-2.06848e-25)
		8(1.35035e-25)
		10(-2.99231e-25)
		148(2.32752e-25)
		153(9.86401e-25)
		164(-3.40095e-25)
		165(-1.58789e-24)
		166(7.60209e-24)
		169(1.59915e-25)
		170(2.55528e-22)
		174(2.55528e-22)
		176(7.60209e-24)
		178(9.86401e-25)
		-1(-1)
		-1(-1)
		-1(-1)
		-1(-1)
		-1(-1)
		-1(-1)
		-1(-1)
		-1(-1)
		-1(-1)
		-1(-1)
		-1(-1)
		-1(-1)
		-1(-1)
		-1(-1)
		-1(-1)
		-1(-1)
		-1(-1)
		-1(-1)

Cell: 173
	Neighbours (Ek):
		151(2.32752e-25)
		156(-3.40095e-25)
		157(1.59915e-25)
		158(9.86401e-25)
		159(1.59915e-25)
		160(-3.40095e-25)
		167(-3.40095e-25)
		168(7.60209e-24)
		171(2.55528e-22)
		175(2.55528e-22)
		177(7.60209e-24)
		-1(-1)
		-1(-1)
		-1(-1)
		-1(-1)
		-1(-1)
		-1(-1)
		-1(-1)
		-1(-1)
		-1(-1)
		-1(-1)
		-1(-1)
		-1(-1)
		-1(-1)
		-1(-1)
		-1(-1)
		-1(-1)
		-1(-1)
		-1(-1)
		-1(-1)
		-1(-1)

Cell: 174
	Neighbours (Ek):
		8(-2.06848e-25)
		153(2.32752e-25)
		165(-3.40095e-25)
		166(9.86401e-25)
		169(-3.40095e-25)
		170(7.60209e-24)
		172(2.55528e-22)
		176(2.55528e-22)
		178(7.60209e-24)
		-1(-1)
		-1(-1)
		-1(-1)
		-1(-1)
		-1(-1)
		-1(-1)
		-1(-1)
		-1(-1)
		-1(-1)
		-1(-1)
		-1(-1)
		-1(-1)
		-1(-1)
		-1(-1)
		-1(-1)
		-1(-1)
		-1(-1)
		-1(-1)
		-1(-1)
		-1(-1)
		-1(-1)
		-1(-1)

Cell: 175
	Neighbours (Ek):
		158(2.32752e-25)
		168(9.86401e-25)
		171(7.60209e-24)
		173(2.55528e-22)
		177(2.55528e-22)
		-1(-1)
		-1(-1)
		-1(-1)
		-1(-1)
		-1(-1)
		-1(-1)
		-1(-1)
		-1(-1)
		-1(-1)
		-1(-1)
		-1(-1)
		-1(-1)
		-1(-1)
		-1(-1)
		-1(-1)
		-1(-1)
		-1(-1)
		-1(-1)
		-1(-1)
		-1(-1)
		-1(-1)
		-1(-1)
		-1(-1)
		-1(-1)
		-1(-1)
		-1(-1)

Cell: 176
	Neighbours (Ek):
		166(2.32752e-25)
		170(9.86401e-25)
		172(7.60209e-24)
		174(2.55528e-22)
		178(2.55528e-22)
		-1(-1)
		-1(-1)
		-1(-1)
		-1(-1)
		-1(-1)
		-1(-1)
		-1(-1)
		-1(-1)
		-1(-1)
		-1(-1)
		-1(-1)
		-1(-1)
		-1(-1)
		-1(-1)
		-1(-1)
		-1(-1)
		-1(-1)
		-1(-1)
		-1(-1)
		-1(-1)
		-1(-1)
		-1(-1)
		-1(-1)
		-1(-1)
		-1(-1)
		-1(-1)

Cell: 177
	Neighbours (Ek):
		171(9.86401e-25)
		173(7.60209e-24)
		175(2.55528e-22)
		-1(-1)
		-1(-1)
		-1(-1)
		-1(-1)
		-1(-1)
		-1(-1)
		-1(-1)
		-1(-1)
		-1(-1)
		-1(-1)
		-1(-1)
		-1(-1)
		-1(-1)
		-1(-1)
		-1(-1)
		-1(-1)
		-1(-1)
		-1(-1)
		-1(-1)
		-1(-1)
		-1(-1)
		-1(-1)
		-1(-1)
		-1(-1)
		-1(-1)
		-1(-1)
		-1(-1)
		-1(-1)

Cell: 178
	Neighbours (Ek):
		172(9.86401e-25)
		174(7.60209e-24)
		176(2.55528e-22)
		-1(-1)
		-1(-1)
		-1(-1)
		-1(-1)
		-1(-1)
		-1(-1)
		-1(-1)
		-1(-1)
		-1(-1)
		-1(-1)
		-1(-1)
		-1(-1)
		-1(-1)
		-1(-1)
		-1(-1)
		-1(-1)
		-1(-1)
		-1(-1)
		-1(-1)
		-1(-1)
		-1(-1)
		-1(-1)
		-1(-1)
		-1(-1)
		-1(-1)
		-1(-1)
		-1(-1)
		-1(-1)

